8.6895
9.9484
8.2705
17.497
19.36
10.438
11.343
-0.243
13.081
8.9082
19.449
13.108
6.4703
9.6976
10.98
8.4987
12.983
4.7279
17.633
9.8838
10.737
19.972
11.733
7.7177
17.527
8.2119
7.9105
12.443
15.776
4.7772
14.915
2.0846
7.8722
3.2789
0.17318
1.5842
-14.762
9.0357
0.20682
8.0855
4.8966
15.577
6.8447
0.026358
9.9509
7.0418
14.604
2.4642
19.152
7.3532
12.873
19.611
9.5565
10.081
10.04
-10.62
10.322
4.5918
8.8011
13.808
11.039
-3.2322
12.312
19.173
-3.1686
21.666
10.329
11.751
11.669
24.296
5.8069
7.9946
17.539
21.746
13.479
11.961
16.785
27.048
12.907
5.9773
8.812
5.2793
13.037
14.803
1.1445
11.267
15.722
11.881
23.574
6.1664
3.0889
1.831
9.1655
15.76
14.131
10.883
11.726
27.409
9.7454
11.353
10.857
-20.698
8.4609
3.9628
15.042
12.12
6.6406
25.008
7.657
13.417
18.478
15.509
12.803
10.496
12.854
5.567
9.5349
8.2819
9.1367
20.974
7.948
18.046
7.5184
22.521
22.519
10.388
17.239
6.0785
6.5643
7.2145
15.125
6.6557
9.9254
21.508
21.281
5.1561
12.222
5.8748
15.652
7.6541
7.6624
11.933
12.263
0.33289
7.5555
16.082
13.884
5.6042
14.895
7.9089
12.596
-0.92723
10.414
12.04
12.224
12.278
36.286
3.0767
14.107
23.342
14.143
11.394
4.7456
18.607
11.572
12.311
7.6763
6.4289
0.90294
8.8322
10.099
10.157
4.2017
11.077
16.696
-0.41216
8.1706
8.1629
16.227
13.737
7.1627
15.048
12.591
11.914
8.3496
24.049
-4.9865
15.439
12.796
9.9018
18.203
-0.59078
29.683
0.43691
8.6718
14.134
9.9808
7.2222
5.7028
-11.986
18.632
14.25
11.066
-6.4057
8.3158
6.6911
8.6494
4.3713
7.9351
-1.9281
13.328
3.4221
8.24
18.043
0.33962
16.005
4.1229
20.092
5.2499
22.03
17.15
14.982
2.3634
23.544
11.171
3.5383
14.549
15.579
16.412
1.4231
14.15
22.985
34.545
3.9103
10.927
2.792
6.7942
9.8376
11.778
10.567
9.1037
3.5669
-3.0583
10.706
10.26
9.519
5.8264
6.7742
15.484
8.362
10.131
-16.031
8.3773
7.0125
5.9604
22.276
21.892
13.55
25.918
13.728
3.3947
15.236
11.189
5.9287
20.343
8.8321
19.136
-1.7401
5.2188
11.977
13.883
21.065
-5.5525
6.6895
4.7681
6.3798
11.209
3.2401
22.738
15.823
3.4596
21.735
8.2181
13.965
7.2972
1.5297
4.6359
10.302
1.8261
15.14
1.5613
11.685
8.8588
6.3505
5.4174
13.412
-1.2091
15.172
26.358
15.298
