8.8947
7.9262
9.3256
17.903
19.097
11.944
11.992
0.38737
12.259
8.7659
19.351
13.845
6.4955
9.4472
10.297
9.0504
14.271
3.3679
17.482
10.892
13.136
20.998
13.06
5.9397
17.302
9.8359
6.5947
12.625
15.046
1.8495
13.931
1.6727
9.2222
5.161
0.67025
4.4337
-15.252
8.4968
-0.35241
10.759
3.8347
15.154
7.7583
2.4083
8.467
5.2019
15.798
0.41883
17.879
8.2852
12.132
19.405
9.1123
9.6177
8.4081
-8.4567
10.468
5.5104
8.8167
15.048
11.531
-3.1251
9.1193
20.825
-1.5813
23.047
8.7585
11.804
10.229
25.016
6.1423
7.7707
14.603
21.251
14.643
12.802
17.466
29.728
12.283
6.123
8.1089
4.0575
13.256
16.448
1.3632
9.767
16.852
11.916
22.929
6.7133
2.5515
3.0076
8.5323
14.963
11.753
11.724
9.8896
29.418
10.718
9.0701
10.888
-20.779
5.661
3.866
14.663
14.852
6.1544
23.245
4.5498
12.988
18.963
16.074
12.649
10.028
10.942
5.3902
9.0885
8.3106
9.5478
19.557
10.631
16.535
9.5911
22.909
20.076
12.249
16.448
5.1855
7.9967
8.0329
16.663
5.966
9.2549
21.216
18.735
6.2954
11.528
7.3264
13.51
7.3182
5.9095
13.177
14.57
-2.9395
6.8357
13.241
13.525
7.3288
16.756
9.483
10.738
-0.75166
11.421
14.08
12.459
9.8181
36.269
2.3846
13.852
23.452
14.446
10.526
3.7387
16.986
10.443
11.682
8.5961
7.4968
0.58795
11.239
9.1371
11.61
2.6624
9.8901
17.419
0.97971
9.9607
5.5071
15.844
12.796
5.4119
14.001
13.541
12.427
7.3352
24.018
-4.6304
12.919
13.344
8.4668
16.908
0.98353
25.481
0.13334
7.6574
15.917
10.645
7.8272
7.0171
-10.931
18.783
14.288
10.609
-7.3478
7.2791
7.1372
9.6819
5.4084
8.3832
-1.7968
13.943
4.1835
7.7033
16.053
0.34239
13.574
3.7567
21.39
7.6803
21.626
17.265
14.324
2.7772
21.241
11.337
3.4578
13.902
16.71
13.608
1.8127
13.356
23.19
32.865
2.8507
11.018
5.1265
4.4338
11.508
8.5269
10.523
7.6286
3.3182
-2.9228
9.6566
9.6123
9.074
5.451
6.1692
13.905
8.1238
11.018
-16.408
7.4971
6.8964
6.5234
21.979
23.416
15.145
25.309
14.79
2.4339
12.887
11.362
6.7516
20.03
9.5063
18.979
0.43277
6.7748
9.8078
16.116
20.611
-6.9584
6.3964
5.7174
7.0694
12.06
3.7845
21.617
15.215
2.974
22.097
9.4498
13.456
4.0576
2.0683
5.8787
11.518
0.133
17.803
-0.064475
12.315
7.8782
8.7394
7.9711
11.773
-0.93981
15.546
28.574
15.51
