8.4005
9.2501
8.9269
17.001
19.329
10.247
10.645
-0.29552
12.311
9.4538
18.889
15.258
3.6932
8.9466
10.825
8.963
15.833
3.9433
15.549
8.3316
9.4108
20.754
12.228
7.7859
16.462
8.7478
6.4204
11.783
17.083
3.9619
14.995
1.4012
8.6471
6.0961
1.0129
1.7813
-14.835
9.6578
0.71887
6.9285
4.6041
13.633
8.6066
1.4945
9.909
5.3788
14.659
0.42245
17.024
6.119
11.904
21.149
8.9873
10.061
8.971
-9.307
9.7882
4.3383
9.7903
14.955
11.465
-4.4956
12.637
17.722
-2.8918
21.42
10.442
9.9031
11.32
24.924
7.2453
9.383
17.467
20.459
15.082
13.033
16.903
27.857
11.838
6.4012
8.7592
3.5278
12.132
14.517
-0.29206
9.8548
14.939
11.76
23.938
6.8686
4.066
3.2458
10.168
15.796
12.438
11.852
12.138
27.163
10.152
10.545
10.939
-21.109
6.3497
3.8187
14.999
11.757
5.6718
25.761
5.2059
13.348
17.913
16.778
10.798
9.7431
12.751
5.2213
8.987
7.6069
9.6364
22.017
11.037
16.977
9.3795
23.152
23.927
12.519
15.867
6.4403
5.7155
7.6111
16.96
6.0787
9.1214
23.133
21.552
3.8401
12.061
5.6831
14.826
8.3808
8.2924
12.954
12.454
-1.925
8.8614
12.288
14.228
4.3955
15.788
6.5201
14.523
-1.6639
10.775
16.493
12.041
11.016
36.498
2.576
14.764
21.717
13.91
10.79
2.9254
17.359
11.977
12.569
6.7566
7.5237
0.9638
8.5558
9.4255
9.8153
3.6044
10.465
18.232
-0.22348
8.9493
7.6543
17.087
16.356
6.591
15.99
13.095
12.533
7.7171
23.084
-4.8591
15.507
12.296
9.8871
17.919
-2.0486
29.743
0.079135
8.9436
16.25
10.705
7.0078
7.8046
-12.518
20.274
15.687
12.211
-6.7653
9.5342
7.0739
10.077
3.8437
9.5829
-1.4656
14.761
4.628
8.4412
17.376
0.80487
13.613
5.3525
18.999
7.1236
20.326
16.933
13.477
1.8133
21.858
12.298
2.5181
13.494
16.833
15.46
0.27736
13.209
23.243
32.355
3.03
12.136
6.0168
6.2451
12.668
10.281
10.586
8.1323
4.8143
-3.2469
10.416
8.8946
8.6265
7.0021
8.2969
16.565
8.1037
9.9707
-16.911
6.8765
7.9467
7.0503
20.161
21.357
14.161
26.186
13.583
5.1038
15.943
12.863
7.8762
19.901
8.927
19.133
-1.591
6.7298
11.535
14.827
19.986
-7.7378
6.8624
5.1702
6.3237
10.662
5.254
22.898
16.147
2.8983
22.257
9.2217
12.016
6.6848
1.9176
7.1812
10.688
0.6103
16.765
-0.73342
13.618
8.5688
5.8561
5.8258
12.674
-1.0284
15.888
25.475
14.945
