10.547
7.9048
10.292
15.206
18.188
11.244
12.402
0.87142
11.809
8.6383
18.167
14.027
4.5072
9.8571
11.168
10.167
13.645
5.2943
15.408
11.088
11.063
19.506
13.249
7.9025
17.849
10.3
6.4938
11.884
16.009
2.0818
13.779
2.3032
9.0808
6.6907
0.52974
2.3578
-15.839
7.8726
0.58286
9.6091
4.2258
15.195
8.3525
0.92125
11.345
5.3626
15.207
1.4381
17.799
6.7581
11.89
20.074
9.1448
8.2334
7.1016
-10.039
9.6787
8.5928
9.2476
13.304
11.933
-3.2102
10.433
18.889
-2.3421
21.959
8.4002
10.783
11.954
24.796
5.7391
7.0635
17.354
21.333
12.514
11.885
16.13
28.67
11.756
6.1324
8.9806
5.0041
12.645
15.296
0.79971
8.8481
15.863
12.671
22.686
6.3073
2.3199
1.8298
6.9589
17.809
12.302
11.705
8.803
28.664
10.137
9.2744
9.0341
-20.633
6.5303
3.5516
14.272
13.613
4.2413
23.8
4.1383
11.854
18.041
15.836
10.49
11.363
11.464
5.4847
7.5144
7.9835
8.8859
20.324
9.5291
16.638
9.5667
23.621
22.676
11.684
15.837
5.9549
7.5015
6.7835
14.719
7.036
9.946
19.802
19.6
6.1291
11.155
7.2591
14.682
8.5875
5.0147
11.736
11.601
-1.4259
7.825
12.673
13.656
5.1568
16.521
8.479
11.223
-2.2455
11.906
15.321
12.032
8.7724
35.992
0.8634
13.626
22.097
14.891
10.124
4.1576
17.864
12.011
10.19
9.0207
7.6275
0.41969
9.3508
8.6344
12.06
3.2518
8.6829
18.732
-0.038416
9.097
7.8593
14.458
14.12
4.7011
14.766
14.117
12.445
8.5017
24.288
-4.229
15.536
13.269
10.258
16.199
-0.81675
25.947
0.96555
7.1122
15.9
10.8
7.4978
6.3133
-10.422
19.061
14.61
10.953
-6.2147
6.8312
6.6716
9.2083
3.8327
8.202
-1.1964
13.278
2.4857
6.9701
17.207
-0.026999
11.214
5.5909
19.974
7.1828
21.053
15.902
14.148
2.9692
22.759
10.312
3.86
14.834
14.807
14.343
0.94841
13.631
23.227
32.804
3.8552
10.282
6.4043
3.6385
11.843
9.5992
10.292
8.5332
4.9374
-2.825
9.2729
10.453
10.792
5.9062
8.7746
14.708
6.9082
9.3234
-15.618
8.6285
6.8551
4.7338
20.91
23.393
14.087
26.078
12.857
3.9759
15.781
11.316
8.5915
18.476
9.849
18.453
1.2385
5.8762
10.62
15.096
20.8
-6.5081
7.2346
6.1173
8.3806
11.747
4.0298
20.656
15.509
1.7556
21.925
9.4324
12.23
5.4053
1.3525
6.1637
11.429
1.3192
16.451
-0.9119
13.24
7.7042
7.0714
5.8854
13.217
-0.56817
16.448
29.039
14.507
