10.172
9.8763
10.438
15.983
18.919
11.396
12.272
0.68783
11.742
8.0714
19.175
14.309
5.3458
9.2614
10.215
9.4156
15.248
4.5026
19.025
8.9215
12.521
19.548
11.426
6.8067
13.651
9.9767
6.7731
12.771
17.171
2.4137
15.314
2.8623
9.5197
6.7127
1.1989
3.8553
-16.344
9.0109
0.11985
9.1524
4.8198
14.981
6.763
1.1341
10.344
6.8827
14.964
2.8049
19.758
6.7122
13.05
19.705
9.0768
8.1414
9.0235
-9.9105
9.5065
4.4813
8.0084
14.387
12.146
-3.802
10.699
19.433
-3.6137
22.787
10.226
9.9311
13.684
22.898
7.1878
7.4586
17.405
21.769
14.043
12.78
16.508
28.81
11.866
7.3929
8.1176
4.193
13.134
16.228
1.7552
9.7558
16.845
12.644
22.858
4.617
2.3486
2.1252
7.6551
15.896
11.972
11.32
10.345
30.304
11.045
9.4244
9.8247
-19.733
6.2826
4.0814
14.464
13.152
6.668
24.754
5.5866
12.007
17.098
15.685
11.685
10.155
13.24
6.0986
8.0838
8.6373
8.1425
20.293
10.776
15.381
9.0918
24.119
20.256
12.749
17.048
4.6552
7.1339
7.967
16.051
7.1946
10.867
21.043
18.315
5.9921
11.402
4.9631
14.166
7.4995
5.6214
12.834
14.195
-0.068456
6.2057
15.823
14.257
5.7784
15.875
7.199
11.129
-0.88549
11.465
14.518
13.403
10.95
35.104
2.3091
13.483
22.389
13.988
10.29
3.7332
17.04
11.032
11.952
8.0018
7.3617
1.951
9.3993
8.6604
9.9356
4.3938
9.9754
15.848
-0.015595
10.244
6.8748
14.44
14.461
5.6621
14.388
13.148
12.03
8.9922
24.201
-5.2415
14.296
13.699
8.8798
14.318
0.27213
27.342
0.81653
9.1113
14.832
9.7258
6.8983
6.1303
-13.094
18.626
16.167
9.7908
-7.7462
7.6189
7.3109
9.693
5.074
7.6849
-1.2191
13.788
3.9408
7.5758
16.331
-0.33669
12.409
2.9734
22.371
7.6936
22.432
17.605
13.351
2.1502
23.534
10.79
2.0698
14.392
16.07
13.947
2.7278
13.53
23.401
31.395
3.1146
12.005
5.2759
5.1083
11.794
10.809
11.232
7.9464
1.2482
-1.2657
10.348
7.766
8.0933
6.5454
9.0891
15.829
8.1223
11.69
-16.616
7.8379
7.0787
5.4009
20.485
21.32
14.637
24.605
12.696
4.4539
16.441
11.917
7.1269
22.119
7.7392
18.738
-0.25589
5.8774
8.3783
15.329
21.415
-7.7543
6.7654
5.6522
7.7911
12.87
5.3421
21.716
14.834
2.2094
21.475
8.9231
13.062
6.0146
1.8927
6.7753
11.439
0.38453
15.529
1.3161
13.946
7.5331
8.4854
7.0737
13.832
-1.3275
15.349
27.849
15.439
