8.7549
9.5062
8.9981
17.362
18.561
12.065
11.256
-1.6721
10.986
9.0568
19.428
14.858
6.066
8.8395
10.037
8.7389
13.552
4.8041
17.691
9.4829
10.476
21.484
13.695
9.2761
17.143
10.323
6.2892
13.38
17.186
3.2551
13.02
3.3256
7.8538
6.0789
2.5816
4.9064
-15.994
8.8315
0.29185
8.4938
4.2729
14.472
8.5396
0.5181
11.787
6.5013
15.173
2.6258
16.277
6.725
13.244
19.467
10.099
9.6468
9.4143
-9.9878
10.576
6.6191
9.3861
15.225
11.077
-4.8693
10.242
19.194
-4.5316
21.631
10.153
10.958
12.632
24.437
6.0652
7.9148
15.774
20.815
15.09
13.738
17.257
28.442
10.485
6.2818
7.4691
5.1586
12.634
16.865
0.70681
9.0588
15.601
12.54
25.409
5.3737
4.6542
4.2644
8.3307
14.853
13.753
11.583
9.3233
28.088
9.5092
9.6822
11.775
-21.908
6.1112
3.6113
15.701
13.162
4.6688
24.344
5.953
13.946
18.561
15.846
12.455
11.88
14.007
6.2733
8.1846
9.0779
8.6326
19.916
10.413
15.813
9.57
23.629
22.512
12.166
18.549
3.1798
6.641
8.8568
14.769
5.3019
9.2222
21.075
20.474
5.9861
12.586
6.1147
13.66
7.7531
6.4303
12.965
13.801
-2.0406
6.2605
15.884
14.603
5.0311
16.441
6.6944
11.894
0.23198
11.609
13.125
12.76
10.142
36.396
2.0099
14
21.999
13.846
9.6312
4.0205
16.981
10.183
12.692
9.4986
7.8225
-0.6141
8.8039
8.9704
10.73
3.7494
9.1919
18.837
0.49101
10.138
6.9139
14.992
14.412
5.6912
14.152
14.591
13.717
8.4009
23.724
-4.2454
15.304
12.674
9.4036
17.447
-1.6469
29.388
1.3264
6.4757
15.312
9.0941
7.0511
6.3275
-11.983
19.277
13.708
11.903
-5.3552
8.0236
6.3169
9.7425
3.9119
9.5215
-1.1713
12.202
1.8748
7.4449
17.983
1.1223
13.77
3.8657
21.931
6.3104
20.88
17.665
13.137
1.3751
22.442
11.896
2.3993
14.676
14.76
16.119
2.074
12.237
22.925
33.621
3.4857
10.621
5.2207
4.6042
12.864
11.003
10.671
6.9
4.3795
-1.6296
11.196
8.6025
10.293
6.2647
6.047
13.958
7.8946
9.8942
-16.081
7.4741
7.2958
5.7204
21.693
22.574
13.096
26.628
14.203
5.1839
15.654
11.7
7.4073
20.616
8.6116
18.958
-2.4551
6.2071
10.167
16.333
19.106
-7.3601
5.669
5.6444
8.0053
12.966
3.9459
21.705
15.316
2.2679
22.418
9.3428
11.982
5.9475
2.5144
5.8603
11.645
0.8946
15.784
0.66592
12.268
8.0968
7.4031
5.5477
12.849
-1.4594
16.368
26.435
13.788
