10.484
9.259
10.609
16.404
17.117
10.807
10.718
0.56703
13.391
9.1098
18.9
12.843
4.8802
9.0979
10.675
8.4206
13.895
4.4539
15.453
8.5674
10.281
20.095
12.677
7.3634
16.697
9.8356
5.2077
12.627
16.73
2.1271
13.346
1.7989
7.9305
5.6044
2.5264
3.0923
-14.583
8.0076
-0.57517
8.4691
5.022
14.759
8.4413
1.5047
10.922
5.3688
15.665
2.0625
19.313
7.7963
10.366
17.91
10.25
9.6527
9.7906
-9.2486
11.062
5.5082
8.3723
15.077
11.854
-4.1322
9.9036
18.858
-2.9818
21.431
11.122
11.439
10.181
24.237
6.7661
7.1146
16.648
21.838
15.636
12.555
15.992
29.468
11.719
7.9057
9.2312
4.6371
13.129
14.785
0.90081
9.7256
15.073
11.692
22.711
5.0597
3.9288
3.3482
9.615
16.691
11.885
11.279
11.145
29.227
11.586
9.3015
10.88
-21.874
7.7725
5.4571
16.068
13.34
5.6937
24.98
4.9864
12.363
18.305
16.34
11.955
10.217
11.539
5.7426
10.296
8.3861
8.2594
20.648
11.095
15.481
9.3127
23.16
20.992
10.34
15.137
5.4299
9.3735
7.238
16.507
7.2261
8.138
20.479
18.921
6.5629
12.651
5.5257
14.819
8.609
6.6346
14.237
13.794
-0.92412
6.3777
13.825
12.13
6.7436
16.282
6.2799
10.222
-0.59055
10.494
14.656
13.124
9.4151
36.563
1.639
12.987
21.774
13.821
9.3043
4.9707
17.472
12.709
11.917
11.146
7.8265
0.54028
10.322
9.6622
11.144
4.4424
9.5573
18.232
0.61967
8.8224
7.274
15.299
14.766
6.5522
16.373
11.923
12.223
8.2099
23.467
-6.0336
14.782
11.998
9.3183
17.418
0.0051389
28.178
1.601
7.5698
14.954
10.356
8.1493
6.3096
-13.263
18.495
13.54
12.922
-6.7772
8.4152
7.2836
10.172
4.382
8.3725
-2.7424
13.294
4.198
8.3966
16.973
1.235
14.138
5.7663
21.592
5.3074
20.71
16.194
14.506
2.5096
22.534
10.862
2.7633
14.985
14.146
15.974
2.3175
12.424
22.799
33.739
4.6684
12.187
4.3353
6.817
12.362
10.687
10.424
8.3745
3.7759
-2.9608
10.147
10.016
9.3547
4.6015
6.1659
13.566
6.6885
10.928
-16.972
9.2692
6.0045
7.4156
20.73
22.856
14.507
25.966
12.85
5.1853
16.281
9.8552
8.471
19.177
9.8808
18.79
-0.17201
6.8304
9.9377
15.042
19.25
-6.7391
7.2345
5.2226
7.5138
14.212
2.985
22.113
14.1
3.9535
21.668
8.8983
12.131
4.7193
2.7836
6.598
11.681
-0.31602
16.164
0.20299
12.339
9.8522
7.7297
4.6058
13.185
-1.2598
14.813
26.414
15.383
