8.7984
8.3449
12.289
17.093
19.819
11.138
12.274
-1.1872
11.036
11.539
19.347
14.375
5.5056
10.496
10.939
8.6232
15.832
3.9718
17.111
11.14
9.2203
21.134
13.34
7.1431
14.453
9.1406
5.8457
13.375
15.583
3.1428
13.181
3.2362
10.545
3.9965
0.35302
4.7937
-14.875
6.0078
-0.54368
8.8355
3.203
13.766
7.2588
0.99845
9.6805
6.0866
17.533
2.3261
16.532
8.5938
11.152
18.719
7.6851
8.5338
8.2475
-11.454
9.6392
5.3415
10.6
15.55
10.414
-3.7841
11.737
19.703
-3.1401
21.347
10.143
10.707
12.576
23.319
5.5618
7.9282
15.661
20.865
15.662
12.067
18.188
27.199
13.186
6.1811
7.3402
3.6633
12.239
16.953
-0.4632
9.3521
16.142
13.122
25.39
7.004
3.0666
3.3869
8.9186
16.308
12.815
11.669
10.664
27.653
9.97
10.017
11.932
-20.515
7.3377
4.2493
15.621
12.317
5.2227
25.747
6.0253
13.047
16.947
15.783
12.785
9.7999
13.136
5.4097
10.077
8.2831
8.2514
20.808
9.9426
16.501
8.3117
22.009
22.544
12.62
17.727
4.616
5.9556
7.8263
15.707
6.4927
8.651
22.233
20.486
4.5663
11.135
5.784
14.228
7.8849
6.5297
12.525
12.87
-3.1253
7.5188
15.122
13.977
4.7697
16.06
8.5047
12.725
-1.5273
11.815
14.308
12.461
9.3981
36.721
3.6722
13.862
22.765
13.8
10.061
4.4759
16.943
11.4
12.126
8.5452
6.5199
1.401
10.847
8.9561
9.7583
3.853
8.641
17.648
1.2588
8.8292
8.8998
16.039
14.179
5.5755
14.096
13.761
12.216
8.0448
24.651
-5.1955
14.717
13.828
11.656
17.257
1.1772
27.78
0.22908
7.2691
13.091
9.2822
7.4323
5.8529
-10.501
19.451
12.661
11.011
-5.8295
8.6484
7.676
9.7822
4.7708
8.4293
-1.3436
12.778
4.2755
7.8414
17.353
1.3255
13.115
5.3168
20.436
7.6731
20.522
16.544
12.45
3.611
21.189
10.458
4.1237
13.919
14.192
15.391
1.8549
14.903
24.21
33.718
5.1537
12.29
5.2666
5.6688
10.773
9.3936
10.108
7.9216
5.0447
-0.21435
11.046
9.7412
9.8964
5.3802
7.8936
13.222
6.9297
9.4498
-15.272
7.9761
7.773
5.8942
22.085
20.76
13.068
26.812
14.115
3.7677
16.27
9.6615
7.3121
17.804
9.0216
18.125
-1.3586
4.6329
9.4947
13.391
19.945
-6.4014
6.4328
6.615
6.9356
11.914
5.7022
22.611
14.792
3.6883
21.607
9.6199
13.064
5.2811
1.0133
4.4877
9.4976
2.0997
15.638
-0.19871
12.657
7.3705
6.5352
6.3374
13.504
-1.9694
15.011
25.519
14.177
