8.5639
7.0953
10.384
15.224
20.75
9.7835
12.877
1.3653
10.619
9.7717
19.057
13.317
5.39
7.5899
10.466
8.3709
16.115
4.4288
17.977
9.8485
11.033
19.578
12.946
8.2939
13.511
8.9936
5.868
14.509
16.337
2.0787
15.395
3.0152
7.2995
3.214
0.514
2.9402
-15.501
8.9526
-1.1031
7.8871
4.734
14.813
8.2745
1.6449
9.0979
6.5836
16.219
0.32073
18.251
4.9595
11.316
20.656
10.052
9.3922
11.214
-8.642
10.254
6.1233
8.4848
13.482
11.134
-4.7992
12.568
17.54
-2.5627
19.384
9.8192
11.482
10.947
23.305
7.8766
6.9076
16
21.044
16.669
13.017
17.016
25.928
13.279
6.4366
9.5342
2.796
12.064
16.282
-0.01707
8.4695
15.681
12.387
24.238
7.4008
3.914
2.2949
9.2104
14.209
12.254
11.202
10.22
28.015
11.725
10.664
11.778
-20.239
8.0232
3.99
15.466
13.613
6.3768
25.22
5.6408
13.105
19.321
18.722
13.214
11.645
12.646
5.5647
9.9409
8.0003
8.5567
22.44
9.5849
17.273
8.5974
23.719
23.119
11.623
15.294
5.9685
8.5027
7.9577
15.752
6.7714
9.1696
20.857
21.536
5.026
11.217
6.9665
13.94
9.3735
8.4418
13.192
12.252
-1.0782
8.645
15.968
12.912
7.4224
15.661
6.3718
11.343
-1.076
9.5696
14.799
11.133
9.9372
35.564
2.3294
13.63
22.072
13.362
8.882
4.8457
18.382
11.047
10.603
8.3954
6.5219
0.94116
8.1204
8.5613
9.5215
5.0286
9.2791
18.363
0.55926
7.3481
7.7011
14.271
14.225
6.1931
14.086
14.698
12.726
7.2474
23.777
-5.0651
14.97
13.034
10.864
16.355
0.13118
27.627
2.1957
7.911
14.898
9.4829
4.7285
7.6441
-11.559
18.401
13.556
9.9697
-6.5881
8.3008
8.1759
8.8858
5.3486
10.536
-0.71688
13.042
3.5317
7.238
16.808
1.16
13.745
4.7727
21.196
6.7892
19.086
17.031
14.207
1.037
21.52
12.948
2.708
12.927
15.521
16.578
1.6668
13.869
22.302
33.289
4.8372
11.848
3.7655
6.122
12.138
11.221
10.688
8.5761
3.6855
-2.1256
11.269
9.0658
11.273
6.3319
6.2044
16.817
6.345
12.081
-14.703
8.2454
8.562
7.2915
23.15
23.285
13.826
25.088
13.687
3.6079
15.327
11.354
7.5224
18.329
9.3348
17.96
1.3208
5.1697
11.835
15.156
20.597
-7.8308
7.3853
5.3153
7.4491
13.154
3.76
23.1
15.319
3.8172
20.981
8.8579
13.445
6.8086
1.8747
6.4427
10.786
0.75168
16.006
0.26881
13.674
9.8525
7.6235
5.4368
12.947
-1.9488
15.593
25.808
14.938
