9.2215
8.6567
9.7911
16.781
18.244
10.619
10.614
1.2694
13.689
8.4471
18.359
14.606
4.5571
8.995
11.371
7.6942
14.858
4.4609
17.722
10.2
12.098
21.001
13.025
8.3095
17.699
10.199
7.2915
12.177
16.684
2.3085
13.726
4.0676
8.0312
6.3895
1.2512
2.1069
-15.363
7.7644
0.92392
7.5102
4.8459
13.968
7.4773
3.1628
8.7137
6.0681
14.896
1.4382
17.402
6.4704
12.441
21.388
9.5176
10.957
8.3586
-10.63
10.956
3.6345
8.9167
14.238
12.625
-3.661
9.0169
20.21
-1.9829
22.347
9.5935
10.929
10.79
22.839
6.4736
7.3603
15.286
21.11
13.709
12.311
17.767
29.003
12.484
6.3241
8.4998
3.0238
13.446
16.365
2.3865
9.9107
15.396
12.183
21.458
6.7502
3.7443
2.5799
8.392
14.568
11.929
11.863
10.781
29.568
9.803
9.4888
12.371
-19.532
7.3465
6.0985
15.625
13.246
6.7968
24.264
5.5567
10.73
16.711
16.56
12.055
10.625
11.943
5.4539
7.8916
8.1482
8.1656
19.489
12.066
16.787
11.457
24.075
20.947
11.491
16.825
5.5428
6.9057
6.1948
15.593
5.9285
8.9386
18.91
18.994
4.4092
12.132
6.0719
14.412
9.204
6.1994
12.634
13.682
-3.7118
5.3541
12.864
14.61
6.2541
16.692
8.3449
10.896
-0.92793
10.714
14.083
11.763
9.8818
35.617
1.8983
13.922
21.42
13.926
10.06
4.8995
17.337
11.472
11.653
9.7004
7.9036
1.2499
9.2247
11.02
10.855
4.3372
9.7757
17.993
0.83072
7.4076
7.3141
16.287
14.306
7.0944
13.94
13.074
12.915
8.1287
25.216
-6.0152
14.231
12.864
9.2394
14.57
-0.33238
27.143
1.177
7.6241
14.559
9.1806
6.7454
5.4689
-11.115
18.899
13.003
11.903
-6.4212
7.6341
6.6965
9.4129
6.4294
10.424
-1.0999
13.907
4.467
8.0624
14.078
2.2192
12.139
4.6434
20.563
7.4891
22.632
16.129
14.285
2.255
23.062
11.439
2.1223
15.775
16.021
12.911
2.2999
14.18
22.149
32.032
2.6069
12.227
5.7169
5.1921
11.313
9.2008
8.4174
7.3699
3.4276
-2.1032
8.6395
9.9621
10.54
5.6486
7.3372
14.401
8.1675
11.573
-15.562
8.3177
6.2613
6.7975
22.252
22.831
13.93
26.537
14.044
4.8967
16.573
10.942
7.2784
18.558
8.0683
18.87
0.69012
5.8393
12.034
17.861
21.376
-6.4512
7.1994
6.5158
6.4335
10.26
2.9142
21.351
15.474
2.4864
20.65
6.7849
11.816
6.5385
2.9365
4.8964
9.488
-0.6763
14.921
-0.35586
11.835
7.6777
7.6364
6.0959
11.999
-1.4795
16.466
27.832
15.81
