7.3933
8.27
10.24
17.135
19.629
8.4558
11.609
-0.74495
12.174
8.6833
19.172
13.024
4.5048
10.759
10.7
8.1127
15.995
3.9876
17.93
9.193
10.65
19.353
12.622
5.5597
14.438
10.012
4.7998
11.734
18.135
3.6299
12.771
3.4522
8.7301
3.4634
0.53098
1.7467
-15.061
8.4085
-1.2846
8.076
6.1397
14.146
7.1424
0.39247
9.9941
5.4634
16.767
2.9297
17.1
7.2586
13.818
19.416
9.3492
9.7186
9.8187
-9.8227
9.7791
3.6852
8.6656
15.797
12.108
-4.8498
13.633
19.032
-3.4626
20.617
10.983
10.341
12.3
22.529
6.0339
8.7027
16.471
20.505
14.898
11.455
16.514
27.174
12.594
5.0502
10.141
3.6421
11.706
15.094
0.59953
9.5302
15.719
11.957
24.572
6.4439
3.2696
1.4627
9.3943
15.265
10.996
9.6431
12.434
28.149
11.115
11.068
9.1977
-21.376
8.0756
4.4864
15.153
12.568
5.6707
24.514
5.7774
14.66
17.523
16.167
11.725
10.011
12.271
6.9692
8.6591
9.6078
9.6063
21.487
9.7745
19.056
10.564
22.743
21.645
12.92
18.792
5.1203
7.0076
6.5313
15.231
6.7907
10.017
20.871
21.7
4.3141
12.428
5.9607
14.071
8.3491
6.173
12.313
13.13
-0.15948
9.5179
15.783
12.26
5.1246
15.078
6.8151
11.777
-0.93399
9.627
13.913
13.078
10.324
37.634
2.9732
13.766
22.05
16.258
9.1094
2.9726
19.485
11.729
10.915
7.4699
7.5775
2.3207
7.4191
8.6823
10.505
2.768
9.1589
17.943
0.15427
7.5728
7.8962
14.2
13.218
7.5119
14.93
13.487
14.048
9.4537
24.892
-5.1974
12.852
13.325
10.69
17.177
-0.32809
28.711
1.3246
7.9259
15.153
8.5321
7.4721
6.4703
-12.212
18.636
14.059
9.9003
-6.0869
9.5393
7.0217
10.038
5.0601
8.3207
-1.1045
13.06
3.6204
7.9908
16.952
0.19702
13.712
5.2713
20.943
7.5396
22.022
16.43
13.123
2.2947
21.731
11.11
3.834
13.972
15.52
16.078
1.4391
12.78
23.191
34.693
3.3617
13.781
4.9776
5.5629
11.916
10.37
9.1541
9.0642
4.9496
-3.3668
11.25
9.5685
10.946
6.12
6.3278
14.463
8.7767
9.9218
-16.756
7.4494
8.638
5.2289
21.635
20.733
14.463
25.65
13.352
4.4792
15.872
11.79
7.0665
17.903
7.7455
19.041
-0.60885
6.799
10.899
15.805
18.865
-6.4891
8.4073
5.4512
6.791
12.214
4.7684
22.677
16.456
4.3713
20.804
8.2893
13.98
6.9473
2.0547
5.7229
10.859
0.87021
16.056
0.92286
12.688
10.148
6.5286
6.8355
13.127
-0.44698
15.185
27.079
15.089
