8.6357
8.3948
9.22
17.848
18.292
11.345
12.239
-0.85719
11.205
8.4424
19.032
13.523
4.3801
10.381
11.535
8.9795
16.34
3.6185
17.826
10.295
10.519
21.59
12.891
6.7552
15.887
9.9594
5.7097
11.415
16.756
3.6358
13.834
1.8291
7.4572
5.3414
0.79902
3.5511
-14.488
7.7764
0.55388
7.6239
3.3836
14.752
8.8617
1.3302
11.153
6.8891
14.909
2.0556
17.154
6.2064
12.223
18.56
10.785
7.9957
9.2704
-8.6302
10.411
5.6756
9.0658
13.24
11.09
-4.4559
13.002
18.846
-2.9736
20.867
7.4804
10.963
11.302
23.754
5.7365
8.7701
15.842
21.517
14.744
11.908
16.431
29.078
11.883
7.8756
7.9171
4.3279
12.843
16.216
0.96671
9.7178
17.773
12.204
23.064
6.6661
2.9146
2.6912
8.7884
15.298
11.6
10.303
10.009
27.21
11.057
10.011
10.893
-19.988
7.1778
4.6072
15.662
12.003
5.2426
23.874
8.0323
12.418
16.048
16.047
10.757
10.735
12.168
4.2983
8.2981
7.2122
8.6132
19.42
10.619
15.409
10.409
22.595
22.292
11.93
16.802
4.0877
5.6181
7.9584
14.681
7.2224
7.95
20.894
18.515
5.0934
13.757
6.0576
12.819
8.5818
7.1031
12.262
12.887
-1.6372
6.3005
14.355
13.367
6.6887
16.556
7.7594
11.315
-1.2086
11.131
13.107
13.181
10.668
36.805
1.8935
13.966
22.708
13.811
9.3837
5.5905
18.556
13.266
12.454
9.5461
5.8726
0.5806
9.0051
8.3681
11.107
3.4084
10.865
16.316
0.56246
9.629
7.1714
16.208
12.776
5.0374
14.325
12.676
10.329
8.2063
24.76
-5.5044
15.249
12.351
10.809
17.033
-1.0374
27.178
0.41084
7.5643
14.958
9.8595
7.282
6.1393
-11.943
17.992
13.973
13.696
-6.9242
8.2115
7.3106
10.05
4.9603
9.0813
-0.93227
12.289
2.529
7.4597
17.271
0.0084357
13.941
6.0568
19.604
7.8467
20.345
15.05
13.92
3.7138
22.402
11.825
1.6033
14.877
17.201
15.352
0.52937
12.342
24.3
34.706
3.8069
10.885
4.2048
5.9632
11.409
9.3742
11.089
6.8044
2.9649
-2.1126
10.403
10.826
10.285
5.5785
7.3833
14.495
7.9547
9.3241
-15.556
7.407
6.7599
6.5634
20.936
23.015
13.986
28.129
13.625
5.9882
15.898
10.181
7.8152
19.261
9.3239
19.355
-0.15742
5.8211
9.4536
16.412
19.91
-6.1566
5.6597
6.1494
6.8042
12.749
5.3478
21.878
15.926
4.4493
20.757
9.4444
13.222
4.4395
2.4301
5.102
10.605
0.87862
15.875
0.24361
12.824
7.5093
5.2308
7.5436
12.774
-1.7589
16.84
26.996
14.646
