10.108
6.946
8.4317
19.66
19.197
10.707
10.816
0.055234
12.279
9.679
18.551
12.678
5.6015
9.0035
11.414
10.086
14.441
2.9845
16.04
9.2936
12.284
19.315
13.193
7.3935
16.397
10.673
6.7279
11.795
15.946
3.3799
13.056
4.3483
9.4076
4.9393
1.8508
4.8791
-13.965
8.4041
1.1762
8.4873
3.456
13.499
8.9557
2.4204
10.309
5.1168
16.686
2.1354
18.545
6.8876
12.716
20.625
10.874
8.0395
11.05
-9.099
10.464
5.2519
7.0764
15.082
10.508
-3.9189
9.7192
18.73
-1.8158
21.245
9.8051
9.2614
9.3418
23.279
6.7979
8.1378
15.37
21.21
15.616
10.635
17.444
29.42
11.33
6.5096
8.8414
4.2442
12.15
16.041
1.7615
8.7269
15.787
11.391
23.026
5.7444
3.1061
1.1373
8.9014
15.088
11.87
11.882
10.048
30.088
9.355
9.9095
10.931
-21.217
8.3699
2.6917
15.057
12.439
5.4212
23.597
4.6769
11.464
17.067
15.927
12.134
10.393
12.244
5.9611
7.6322
8.2828
8.4429
19.955
9.9708
17.169
9.1594
22.341
21.861
10.678
16.37
4.6794
6.4144
7.2109
15.043
6.0756
10.002
22.248
17.611
4.4216
11.742
6.9077
14.022
8.8276
7.2539
12.792
12.401
-2.0494
6.3048
14.993
15.855
6.1198
14.754
7.1604
11.497
-0.59463
10.144
14.256
12.909
10.748
34.525
1.8459
14.203
23.031
13.617
10.03
3.5543
17.064
12.37
12.029
9.304
8.1687
2.4209
10.495
11.257
11.544
3.9602
8.3249
18.809
0.71973
7.608
7.9207
14.011
15.294
5.6163
13.769
14.01
11.317
9.1092
25.55
-4.6678
14.692
11.286
9.07
16.713
-0.54174
27.156
0.67043
9.2431
15.335
9.1127
8.5099
5.4234
-11.715
18.314
14.271
11.355
-7.3409
7.1977
5.9507
9.6621
2.7436
9.4376
-1.0608
13.201
2.5776
8.8584
15.969
0.73391
13.71
4.9729
19.672
9.0174
20.829
16.782
14.681
1.4235
23.062
11.061
4.3433
14.229
18.003
14.687
0.77356
14.544
23.485
33.476
3.2946
12.114
5.2204
5.0082
11.998
9.4134
9.9513
7.4423
5.281
-4.1037
9.4812
9.8901
8.8069
6.5218
7.5786
13.741
5.3095
8.9874
-16.506
8.0268
8.7958
5.6204
20.98
22.951
14.635
25.623
13.41
3.4905
15.582
11.389
5.864
19.575
8.9886
18.741
-1.1479
6.9055
9.5838
16.424
19.372
-5.1751
7.0029
4.4659
5.9403
12.928
4.7758
21.409
15.164
3.0281
20.035
7.4956
13.443
6.1014
2.1033
4.7806
10.342
2.3415
15.602
-0.77008
12.943
7.4919
7.5521
5.9044
13.864
-0.65817
13.827
26.961
14.126
