7.0502
9.7104
10.146
17.33
19.791
10.08
11.456
-0.05464
9.9065
6.7157
21.06
12.812
5.4748
8.76
10.89
9.2249
15.562
6.3891
17.14
10.38
9.9486
19.716
11.863
6.1335
16.87
10.443
6.4285
12.77
16.573
3.2342
15.388
1.3882
9.0854
5.8438
-0.72296
1.8208
-13.663
7.4777
0.041254
8.6221
5.5025
13.924
7.9873
2.1047
9.1805
5.9121
17.193
1.9222
18.426
5.927
11.854
20.069
10.876
10.317
10.497
-8.3574
11.084
4.7117
8.9569
14.297
11.636
-4.1473
13.484
18.889
-2.9912
21.848
10.463
10.689
10.076
23.601
5.8225
7.6912
15.721
22.324
14.88
13.232
16.326
27.124
12.802
6.0955
10.329
3.6641
12.36
16.766
-1.9989
9.485
17.17
13.333
24.23
6.2227
4.9677
1.0857
8.0564
14.679
11.554
11.57
12.743
28.173
12.042
9.0158
11.568
-21.205
8.1484
4.8763
14.329
11.062
6.268
25.594
3.7767
13.163
18.382
17.605
12.392
9.8185
13.477
4.684
9.6228
8.3177
8.9399
21.478
11.909
15.995
8.5691
22.09
22.037
11.659
18.202
4.8265
6.7098
6.955
14.426
5.9857
10.321
21.219
19.76
6.3906
12.421
5.4645
13.634
9.0179
7.1848
13.203
13.542
-2.0422
7.6306
15.129
13.263
5.9831
14.476
8.1702
12.147
-1.3365
9.7846
14.253
13.323
10.998
35.104
1.4197
13.212
21.673
14.334
9.9148
4.0575
17.934
12.706
11.469
7.9431
7.511
1.3073
7.7583
9.3756
10.822
3.0424
10.62
17.407
-0.058761
6.4943
5.8448
16.386
13.439
5.8799
15.955
13.57
13.116
7.8789
23.661
-5.3009
13.109
12.99
9.2473
16.064
-0.084402
29.666
-0.27153
8.1299
16.02
10.888
6.1775
6.8742
-11.677
19.798
13.279
12.306
-6.0371
9.5452
7.8074
8.6535
3.3427
7.8831
-1.2586
13.145
4.5468
8.0456
15.779
1.6289
15.163
4.065
19.896
5.4506
21.436
16.949
16.03
1.4111
23.005
11.494
3.7356
14.919
15.649
16.713
1.2406
14.669
23.5
34.146
3.5719
13.544
4.5747
4.2358
12.285
8.8938
9.5898
8.0122
5.6817
0.11876
11.277
9.1843
9.0967
4.8119
7.1269
15.923
7.002
10.756
-14.484
8.0511
7.4852
6.3802
21.841
22.389
13.543
25.999
15.068
3.5348
15.432
11.28
6.6647
18.235
8.9185
18.465
-0.53201
3.4569
10.212
14.602
20.328
-8.7897
7.1521
3.5631
6.7189
12.573
4.9382
22.7
15.639
2.6354
22.448
8.7774
14.086
6.7458
1.6216
5.3244
10.991
2.2353
16.148
0.60338
12.607
9.4613
7.6589
5.4707
13.324
-1.3519
15.638
26.015
12.591
