10.26
9.1989
9.0519
16.912
18.868
10.219
12.848
1.6524
11.758
10.018
18.274
14.44
5.2494
8.9745
9.8113
8.2229
15.846
2.9403
17.23
7.7126
10.108
20.71
13.309
8.947
15.689
9.8086
5.1247
12.536
15.6
2.2069
13.449
1.8165
8.7992
4.3522
0.66263
2.6203
-14.726
8.6675
-1.4553
8.2354
4.5048
14.736
8.1231
1.0702
9.7757
5.6016
15.267
3.0152
19.042
8.6144
11.668
20.462
9.8487
8.6433
9.3329
-9.4037
9.1523
4.8984
8.81
12.585
11.859
-2.7945
13.84
18.952
-2.513
22.271
9.2493
10.584
10.957
22.095
7.6956
7.3965
15.638
21.152
14.75
12.402
18.259
25.625
12.099
6.6748
9.3527
2.9295
12.681
15.507
-1.5102
9.8666
15.646
12.77
24.243
5.7249
4.0329
2.9443
8.4283
14.805
12.002
11.873
12.52
28.867
12.051
9.0541
10.095
-22.303
7.7505
5.0733
16.31
11.444
5.3306
26.017
5.811
14.361
17.767
15.725
12.896
11.218
10.77
5.6949
7.9582
8.9254
8.3628
22.422
10.993
16.748
10.176
22.577
21.897
12.893
18.246
7.5812
5.8394
7.566
16.274
7.4611
8.3201
21.579
21.071
4.6872
12.637
5.3558
14.92
8.9553
5.4806
13.215
12.985
-2.5004
8.6078
15.47
13.203
6.1288
16.249
8.3333
11.841
-0.29974
10.25
13.857
14.569
10.62
33.976
4.1035
14.02
22.446
14.884
10.446
3.7286
18.103
11.047
9.8557
8.2348
7.2943
2.0886
8.3173
9.054
12.002
2.6219
10.636
18.431
0.60197
7.233
8.3329
15.598
13.549
6.9661
15.406
14.822
12.463
7.0602
23.539
-5.1281
15.345
12.023
9.6617
18.368
-1.0805
27.781
1.5139
8.4926
14.538
9.6036
7.498
5.6828
-11.495
17.935
13.61
11.316
-7.153
8.1139
5.9325
9.9263
2.4143
8.7576
-0.42233
14.17
2.4777
8.4225
15.769
-0.047774
12.69
2.9265
22.653
6.8726
21.329
16.614
13.734
3.6949
22.83
10.058
3.175
15.326
15.526
16.404
0.81054
14.939
21.406
34.216
3.0495
10.377
5.8675
4.9268
13.313
8.6487
11.352
7.4245
3.1519
0.39466
11.053
9.4035
10.193
5.9746
7.0637
13.189
5.2406
9.61
-14.982
6.3697
7.8712
6.8952
23.582
21.317
15.45
25.224
14.891
4.8095
15.085
11.795
6.7582
17.544
8.0967
17.928
0.44413
4.9449
10.972
14.786
18.898
-6.6326
7.5116
4.6486
7.0023
10.926
5.3856
23.179
16.714
4.1284
20.985
8.5694
13.459
6.9899
3.6731
5.5723
12.103
0.91456
15.855
0.52878
13.026
8.7703
7.0285
6.0857
10.788
-2.0545
14.757
25.33
15.663
