7.9746
7.507
8.7942
17.593
19.184
9.8551
11.284
0.67809
12.303
8.4463
20.192
11.508
5.4803
8.8328
10.906
9.4161
14.276
5.5844
16.555
9.3929
9.7827
19.753
12.319
7.3918
15.614
8.4046
5.8038
12.309
16.232
3.7926
14.857
2.5033
8.5287
3.9487
1.3044
3.3544
-14.275
8.6388
0.27685
8.9345
4.4029
14.886
8.0064
2.5062
8.8304
4.3047
16.02
2.6551
18.276
5.9151
12.733
18.077
9.0532
10.206
8.5757
-8.2182
9.82
6.3993
9.3633
13.745
12.108
-6.565
11.413
19.314
-2.42
21.895
10.457
9.4551
12.7
23.891
6.4469
8.1225
16.923
21.331
15.643
10.871
15.904
28.5
12.285
6.5024
9.2835
5.5852
13.577
16.558
-1.3629
9.2932
15.638
12.65
24.29
5.5483
4.1786
1.549
9.3559
15.749
12.62
11.108
9.9709
28.224
11.66
10.344
11.255
-20.546
7.5785
5.0218
14.779
10.904
4.0828
24.145
5.9181
12.181
18.01
17.284
10.201
12.496
10.881
5.2061
9.2342
8.6939
9.2622
21.088
9.9529
17.896
7.8388
21.807
20.755
11.314
17.99
4.9837
6.0748
7.6393
16.029
6.2297
9.6948
21.449
20.703
5.407
11.296
5.9999
13.463
7.1799
6.5271
13.219
14.065
-1.6287
7.7478
14.286
15.034
6.4867
15.271
9.081
12.885
-1.1332
12.011
13.316
11.715
10.251
36.46
1.6452
13.74
22.491
13.6
10.2
4.6571
16.593
11.509
10.873
9.8601
6.1984
1.1916
8.7042
9.8421
10.333
2.9792
11.007
17.65
0.45663
9.835
7.142
15.61
14.367
6.785
15.89
14.347
11.634
9.0148
24.105
-6.578
16.093
13.119
9.8436
16.101
0.59146
28.479
0.54065
7.8522
14.903
9.9517
7.5518
6.6808
-11.604
19.02
14.406
12.514
-5.787
8.4285
7.103
8.8025
3.4082
8.6513
-1.6492
15.002
4.8414
7.3951
17.826
-0.52957
14.541
3.4693
21.289
4.744
19.127
16.283
14.053
2.1134
22.56
11.164
4.4613
12.761
16.438
15.103
2.4073
12.183
23.209
34.888
3.1026
12.677
4.5424
6.3137
10.974
10.181
10.27
8.2195
5.0753
-2.3117
11.137
8.9809
11.173
5.46
6.0499
13.603
7.8107
12.004
-14.905
8.1798
7.3827
6.4049
22.22
19.751
13.088
26.682
14.519
4.1456
15.543
11.059
7.9458
20.094
8.0403
18.34
0.50211
3.9442
10.445
13.609
19.084
-6.1369
6.9569
8.2873
7.5621
12.184
4.0013
22.617
16.371
4.9613
21.029
9.7661
12.371
6.5874
1.116
4.7836
9.7788
-0.11827
17.287
0.8528
13.444
7.7346
7.0008
7.0347
11.319
-1.198
16.118
25.966
14.728
