8.7823
8.7549
8.8901
17.935
17.405
10.487
11.141
1.3726
12.54
10.363
20.887
13.857
3.7823
10.459
11.819
10.076
15.092
3.0561
17.621
9.5518
10.484
20.403
11.871
5.6033
15.893
9.2866
6.2807
12.096
16.541
4.0185
13.667
1.0819
8.3119
5.9573
0.66945
4.5479
-15.934
8.1158
0.40631
7.0756
4.086
14.198
9.083
1.1179
9.6448
4.9523
16.004
1.4356
19.179
6.3217
11.41
19.093
10.866
10.046
10.113
-8.7307
11.043
6.1667
9.6582
15.181
11.883
-2.8753
9.9029
19.554
-2.726
23.036
11.177
10.14
11.968
24.836
5.6637
8.7932
17.126
21.405
14.047
12.086
16.554
28.549
12.729
6.6664
7.5138
5.6861
12.671
15.254
1.2788
9.431
15.707
13.884
23.685
6.4529
4.1603
1.2498
8.8044
15.278
12.373
12.477
11.455
28.908
9.9665
10.467
11.099
-20.141
9.0893
5.4263
13.828
12.461
6.3502
26.623
5.1758
11.723
18.193
15.141
12.473
10.666
11.279
4.4038
9.4734
7.8655
9.9511
21.802
10.733
16.27
8.7528
22.552
22.303
11.478
18.067
6.112
7.2914
10.17
14.26
6.1447
8.4411
20.662
19.16
6.159
10.671
5.2935
13.73
8.2695
6.3237
13.016
11.952
-2.3717
7.8225
15.745
14.312
6.1302
15.124
8.2341
12.194
-0.41948
10.869
15.216
13.44
10.759
37.047
2.8173
13.993
24.1
14.436
9.3917
4.885
18.697
12.24
10.814
9.2405
7.6608
-0.34721
8.2794
9.2074
10.688
2.855
9.3902
17.593
0.5375
7.9277
7.1095
14.948
14.512
6.746
14.028
14.011
11.855
7.1556
23.765
-4.9198
15.368
12.432
9.8873
15.938
-0.1323
28.121
0.38517
8.0863
13.427
8.6025
5.4763
7.5514
-13.162
18.459
12.675
10.336
-7.3326
8.8268
6.133
10.747
5.1125
8.5602
-1.6054
13.264
2.018
9.2782
16.571
0.10065
12.66
3.7036
21.425
6.278
19.97
15.437
14.182
3.5361
23.309
9.9551
4.4761
14.615
15.776
15.686
1.9467
14.082
24.381
35.159
4.2464
11.804
3.68
6.5535
11.401
8.4848
10.665
6.7552
3.9497
-1.1003
9.5499
9.7473
10.313
7.4384
6.2863
15.869
6.744
9.5066
-15.638
6.7679
6.9819
7.144
21.838
22.33
14.74
25.676
13.982
2.5502
15.617
10.872
6.2308
17.905
8.8864
18.404
0.33825
4.5513
11.346
15.582
17.871
-5.5343
7.325
5.3319
7.5851
11.704
5.9489
23.426
15.486
3.4455
20.592
8.8445
11.87
5.0538
2.1747
5.6021
10.583
0.49749
15.3
-0.24206
12.669
9.7394
6.1855
6.4529
13.397
-1.8756
15.778
26.616
15.96
