7.6881
8.804
9.3052
17.454
19.537
9.7206
11.695
-0.57618
10.774
9.8071
19.025
13.282
3.2778
8.129
10.967
10.156
16.031
3.7582
16.299
9.0217
11.259
19.877
12.708
6.2911
15.492
7.8104
6.1988
12.92
16.89
3.9117
14.196
2.0602
7.7731
5.0364
2.2785
4.2166
-15.09
9.6126
0.82244
8.3353
5.223
14.058
7.4072
0.78322
9.2166
6.2368
15.44
0.74245
17.111
7.6429
10.695
19.611
9.6037
9.4325
9.2073
-8.8253
11.287
5.4052
9.2202
14.379
12.54
-5.0098
13.39
19.39
-2.7589
22.553
10.796
10.788
11.639
23.493
5.7577
7.1185
16.183
21.018
13.887
11.416
15.402
26.79
13.398
5.7071
8.9589
4.1124
13.477
16.533
-0.59904
9.3521
15.284
12.93
24.492
7.2601
4.1422
1.7524
9.6555
15.191
11.834
12.281
12.051
26.16
10.067
9.4539
10.022
-22.248
7.0567
5.4163
14.192
12.431
5.2579
25.379
6.4058
12.354
17.01
17.133
11.031
9.6245
13.468
5.3099
9.4311
9.5463
9.597
21.859
9.5389
18.08
9.8413
22.036
22.92
12.212
17.986
6.0342
6.0948
7.5037
15.06
5.7147
9.4159
21.755
19.938
7.1645
12.264
6.5017
14.001
8.8109
7.5466
12.946
11.728
-2.5646
7.9471
15.14
12.901
5.1545
16.239
8.9374
11.884
-2.5114
11.154
14.598
12.859
9.1457
35.688
4.6846
14.325
24.339
14.208
10.2
4.7399
17.825
12.854
11.873
8.4878
6.78
-0.13828
9.2807
8.6995
9.9565
4.9933
9.3206
18.032
-0.065267
8.6901
8.5411
15.042
14.335
6.1888
15.24
14.865
12.755
9.2058
24.922
-5.6144
16.793
12.098
8.9157
15.695
-0.51011
28.5
0.61814
7.82
14.422
8.9687
5.9005
6.5178
-12.633
17.341
13.461
11.969
-5.5641
7.8243
6.9879
10.67
6.0041
9.0691
-1.4123
14.106
3.9201
7.9223
16.315
0.87244
14.335
4.0631
20.421
5.8925
21.973
15.399
13.571
3.3772
23.806
11.789
2.1018
13.838
15.727
13.882
2.2745
13.381
22.742
33.762
2.3666
12.654
4.1187
6.3826
11.954
8.8643
10.786
8.7632
2.4051
-1.1803
11.457
9.5616
8.532
6.257
7.2715
14.395
7.5019
9.3608
-15.984
8.0159
6.7834
6.8317
21.886
20.94
14.927
27.848
15.558
3.6381
15.844
11.12
5.4643
18.699
7.5475
20.366
-0.80502
5.968
10.528
15.03
20.357
-6.8435
7.4875
6.2398
7.8033
11.829
6.8157
23.102
15.492
3.0222
21.666
6.7945
12.402
5.0387
1.7701
6.1184
10.934
0.56377
15.794
-0.64822
12.174
6.8067
7.4383
5.3222
12.961
-0.88637
15.641
26.294
14.882
