9.1038
7.4765
9.1837
16.042
18.554
9.9351
10.34
0.97972
10.763
9.3313
19.558
13.878
4.4863
8.1953
11.075
10.596
14.372
2.4196
15.232
9.9246
10.913
20.066
11.849
6.6868
16.662
10.225
7.2974
12.177
16.162
3.1347
14.295
2.4884
9.4177
4.3543
1.0859
4.9605
-15.239
8.0516
0.37741
7.7634
4.0219
13.732
9.0061
0.96346
10.966
6.8094
15.751
1.1074
18.284
6.3114
12.475
19.984
9.563
10.769
8.9948
-9.3144
10.874
6.0419
9.2771
14.568
12.539
-4.694
11.354
19.012
-4.2201
23.276
10.044
10.557
12.884
24.452
5.67
7.4911
16.649
19.969
15.594
12.494
17.593
28.387
12.965
7.0187
7.7493
3.6624
11.327
14.802
0.37443
8.715
15.085
13.382
24.027
6.398
3.5209
1.9082
8.9938
15.69
12.254
13.094
10.852
29.113
9.6421
9.3808
8.679
-21.104
6.2205
4.7134
15.079
13.24
6.2383
24.787
6.8858
12.46
17.733
17.024
12.264
11.163
12.897
4.9736
9.6721
8.7699
7.8411
19.836
11.354
15.596
9.366
23.034
22.679
10.594
16.801
4.6691
6.8074
7.0647
16.194
6.8443
8.4868
20.922
19.388
5.6277
12.943
5.8859
14.466
8.169
5.0979
14.338
11.874
-1.6093
6.3958
14.613
15.867
6.5952
15.073
7.6363
12.018
-0.74144
10.663
14.41
12.627
11.549
36.349
3.44
13.531
21.612
14.953
9.4638
4.9854
16.254
11.67
9.9306
8.4374
7.4713
-1.0178
8.5116
10.565
10.399
4.0526
9.959
16.884
0.28092
8.7848
9.0802
13.806
14.564
5.1785
15.454
12.681
12.443
7.6492
25.275
-5.7312
12.773
13.036
9.3782
16.461
-0.95544
27.649
2.1783
9.7882
16.071
9.4382
6.0921
6.5107
-13.729
18.425
13.2
9.9809
-6.5632
7.0833
6.3984
9.5997
4.944
8.4493
0.42997
13.055
4.182
7.4251
17.385
-0.39967
13.862
5.3564
21.096
6.0874
21.004
16.643
14.689
2.1501
21.906
10.501
3.8613
14.035
15.921
15.147
1.5091
15.945
22.707
33.216
2.7149
11.856
6.5578
5.7039
11.084
10.21
10.498
9.1992
5.5943
-1.6987
10.983
10.429
10.201
7.1406
6.9572
14.477
7.3868
8.4435
-15.6
7.8741
7.7234
5.3078
21.058
22.454
14.598
25.297
14.046
3.7534
17.01
9.3985
6.9644
20.228
8.581
17.139
-0.14621
8.4669
10.683
16.794
20.172
-6.3006
8.302
5.7466
7.0894
12.262
4.8835
22.293
14.544
2.8725
20.605
9.1718
12.195
4.9096
2.9871
4.3885
12.769
1.6513
16.92
0.028893
10.775
8.317
7.307
5.2943
13.066
-0.42433
15.293
28.86
15.705
