9.6559
6.3926
9.9132
17.038
17.745
11.229
11.115
1.1043
13.094
9.1181
18.849
13.755
4.0263
7.8863
10.673
10.845
14.688
4.8182
17.266
9.4334
11.623
20.184
14.406
8.4079
16.361
10.485
6.5582
12.951
16.149
2.4457
15.008
2.4923
9.0402
6.7718
1.009
4.0973
-15.017
7.8419
0.81232
8.7968
5.4337
12.843
6.8853
2.5487
10.801
6.5274
15.161
2.2668
17.177
6.3792
12.174
19.358
11.46
9.9516
9.3019
-10.4
10.512
5.0901
5.8415
14.891
12.645
-2.7164
10.398
18.349
-2.0149
22.407
9.7756
11.463
11.144
23.093
6.586
7.9102
16.943
21.328
14.778
13.467
15.104
28.768
11.828
9.0387
9.0599
5.8573
13.02
16.263
2.2048
9.5633
17.068
11.289
22.016
7.6608
3.404
3.4473
8.3446
14.544
12.355
11.576
11.14
29.57
11.081
10.751
10.62
-20.188
7.2139
4.1341
15.012
13.137
4.6852
22.771
5.8488
10.997
19.356
16.82
10.65
10.634
11.588
6.5182
9.3049
8.0524
10.318
19.482
10.062
15.348
9.6143
24.144
22.312
11.163
16.88
4.9822
8.1862
8.1903
16.781
5.3531
10.813
20.355
18.324
5.0104
12.399
4.951
13.729
8.2341
6.6899
12.393
13.29
-2.2428
7.5046
13.65
14.029
5.4948
14.517
7.6136
11.234
-0.57901
12.246
14.617
11.822
10.01
35.488
2.8292
11.731
20.562
14.104
10.154
3.7738
14.597
10.13
13.298
9.6516
8.4154
1.4382
9.6656
9.376
8.8013
3.9797
10.446
16.87
0.45187
7.9957
9.108
14.667
15.222
7.5769
14.18
12.337
12.117
8.5688
23.98
-5.3132
14.712
13.711
9.6765
15.763
1.1667
27.407
1.8222
8.2657
15.799
8.2329
9.1035
5.6032
-12.849
19.031
13.729
12.636
-7.5106
7.7609
6.8481
9.7794
4.0677
8.1056
-1.5037
13.34
2.028
7.7458
16.562
0.7113
12.283
3.9136
20.219
7.2018
21.581
15.596
12.99
3.2011
21.192
10.708
2.5704
13.448
16.094
13.949
1.6209
14.751
24.688
31.432
3.5768
11.733
3.768
5.2961
11.343
10.107
10.394
7.4489
5.1441
-1.1637
9.7125
7.3903
8.9662
5.1603
7.9656
15.721
8.1598
9.197
-16.521
6.5302
6.9828
5.0721
22.445
22.293
13.889
25.787
12.79
4.4543
17.373
11.403
7.7443
18.638
9.9947
18.342
-0.28293
6.756
9.6888
15.916
19.844
-5.5499
7.8507
6.1916
7.2409
11.821
6.3384
21.669
15.81
2.0007
21.91
8.4455
12.371
5.0412
1.9013
5.5911
11.591
0.060559
15.035
0.41518
13.279
8.5881
8.7826
6.413
13.548
-1.0886
16.786
28.467
15.066
