11.088
8.0573
8.2795
17.633
19.108
12.685
12.518
1.0056
12.147
10.936
19.078
12.565
4.9103
9.3694
10.672
8.7272
13.386
5.585
18.039
10.261
12.687
19.58
11.473
7.924
15.259
9.8118
5.3526
12.202
15.002
4.0116
14.027
2.2029
9.3431
4.4573
0.90132
4.0058
-15.833
7.8404
0.58736
7.8001
4.3102
14.851
7.5257
1.1802
9.7071
7.1381
16.744
1.5515
17.083
7.9299
11.686
19.14
11.188
9.0332
11.026
-8.6551
9.8668
4.0551
7.494
13.767
12.174
-4.6572
12.638
17.3
-2.6886
23.89
10.705
10.525
11.467
26.737
7.7915
6.6052
17.085
22.357
13.685
13.408
14.893
27.095
11.142
5.7236
8.6061
2.531
12.258
16.343
2.0336
9.996
16.775
11.821
22.437
6.2209
1.2545
2.4368
8.3143
16.952
12.965
11.544
12.116
30.373
10.99
9.1355
10.636
-19.492
7.84
2.9068
14.669
12.888
4.746
22.672
4.8868
11.945
17.725
15.941
11.281
11.508
11.324
8.464
9.9379
8.4194
9.9003
19.199
11.403
16.881
10.665
22.248
20.909
11.355
17.737
5.2451
7.6863
7.3239
15.646
6.6695
9.3989
22.86
17.495
5.7767
11.366
5.6937
12.934
9.053
6.3078
14.006
13.762
-1.8372
7.128
16.709
13.926
5.3821
14.207
7.9704
11.572
-0.7919
11.455
12.458
13.706
8.8766
33.914
2.9101
13.787
19.685
15.393
8.408
5.1425
16.494
11.448
11.183
8.9814
7.939
0.89237
9.9802
9.2724
9.5506
3.5807
9.1274
17.939
1.7762
9.3465
9.1786
13.734
14.076
5.1766
14.459
15.146
11.891
7.222
25.062
-6.5523
14.765
12.855
8.3861
14.462
-0.065005
25.225
1.1619
8.7689
15.377
9.853
7.1115
7.7864
-11.349
18.268
14.509
11.027
-6.2751
6.7403
8.0609
9.2816
4.9865
7.6743
-1.8223
12.029
3.7131
8.5118
16.859
1.2069
12.065
4.6268
22.591
6.7504
22.782
15.925
14.639
3.5936
22.198
11.742
3.7035
13.9
14.661
14.119
1.1821
13.617
23.944
34.661
3.1527
11.836
4.9511
6.5468
10.616
9.4617
10.859
6.7342
4.2014
-1.9102
9.9877
9.0702
8.4834
7.1303
8.1712
15.601
8.2614
10.291
-15.784
5.8207
5.7919
8.3305
21.613
21.986
13.57
24.703
13.799
2.332
16.128
10.64
7.4513
19.862
8.5108
20.245
-0.18122
4.8044
10.729
14.228
21.614
-6.2636
7.1984
5.1911
7.1502
11.089
4.8832
20.383
14.92
4.1284
22.348
8.2999
12.781
5.1992
2.005
6.4641
11.235
1.4185
15.79
1.7121
11.473
7.4231
8.433
6.8448
11.633
-0.96494
15.578
28.79
15.523
