9.234
8.4203
9.364
17.848
20.471
11.913
11.775
1.6253
13.649
9.5745
18.449
14.087
4.3353
7.5114
10.516
9.8241
14.653
5.8081
16.03
9.5627
13.066
20.497
12.859
7.2198
15.891
10.091
4.7428
11.334
16.845
4.0544
13.934
1.9104
9.8146
7.8993
1.0173
4.8598
-16.388
8.5275
1.0229
6.9203
4.449
15.638
6.6398
0.70057
10.766
5.4377
15.991
1.7743
17.692
7.0405
12.553
18.574
10.418
10.521
9.2396
-9.8391
9.2478
3.938
8.3254
14.128
13.263
-5.3107
10.428
18.287
-1.9518
22.388
9.1186
10.754
12.413
23.888
6.1223
7.5469
16.874
20.226
13.488
12.301
16.244
27.488
12.252
7.3492
7.5724
3.8869
13.267
15.524
1.1971
9.461
16.247
12.19
22.779
6.81
3.0738
2.6861
8.343
16.768
12.696
12.349
10.634
30.61
11.932
10.668
10.31
-20.61
7.8046
5.1703
15.67
12.637
5.1184
24.284
4.0533
11.326
17.874
16.034
12.205
9.5815
11.093
6.2873
8.2735
9.6399
9.99
19.872
12.393
16.222
9.5331
22.21
21.954
11.691
18.696
5.9544
6.5684
6.9763
16.175
6.385
8.8948
19.983
17.711
5.1227
10.8
6.4493
13.841
9.2592
5.1285
12.8
12.656
-0.80669
5.1133
14.018
14.075
5.3434
14.964
8.2676
12.385
-2.0074
9.839
15.105
11.947
10.81
36.084
3.5549
12.91
21.144
15.068
10.212
4.155
17.062
11.731
10.557
9.8391
7.989
1.0972
9.2812
7.6391
9.8538
4.5186
9.093
17.448
-0.58814
9.4608
6.6078
16.28
14.537
6.6059
14.078
13.942
11.893
6.0628
25.071
-4.0186
14.882
11.671
9.3528
17.039
1.0045
25.99
0.9614
8.8098
15.281
9.8646
5.6349
6.9154
-12.585
18.083
15.022
11.724
-6.8331
8.2736
5.7276
8.6301
5.2919
9.0501
-2.417
12.077
3.2769
9.1291
18.144
0.077504
12.593
4.0711
22.313
6.808
21.102
17.388
12.971
2.9387
22.987
13.327
3.2525
15.757
16.805
14.592
2.5872
14.642
23.322
32.541
3.6518
9.8265
6.1343
5.5357
12.069
9.3749
9.9492
7.3528
2.9412
-2.8878
9.1043
8.1918
7.9611
4.8642
7.8866
14.102
5.8574
10.763
-16.521
7.801
6.8232
5.6034
22.174
23.749
13.215
25.951
12.505
3.0649
16.307
11.276
6.0978
19.202
8.1837
19.272
1.669
7.264
10.655
15.256
20.023
-6.0671
6.4727
5.2188
6.6273
11.327
4.3693
21.726
14.94
1.8526
22.123
9.3133
13.649
5.43
2.5348
4.8482
12.725
-0.038667
17.974
1.0835
11.213
7.0522
7.7709
5.6025
12.021
-1.2958
14.666
27.966
14.543
