7.9142
8.7118
11.426
17.255
17.539
9.5853
11.924
-0.99228
12.481
9.026
20.101
14.393
5.4998
8.4405
10.783
10.556
14.016
4.2235
15.287
9.2084
10.577
19.298
12.267
7.8949
15.861
9.4248
5.208
12.06
16.779
3.5844
14.473
1.9839
9.1031
6.7921
1.4727
4.406
-14.192
7.3472
-0.51829
7.1511
1.738
14.817
8.191
1.3617
11.249
6.0238
16.244
-0.30944
17.872
6.9367
11.601
18.671
11.697
8.9374
8.7152
-10.796
9.7629
4.4991
9.4159
13.831
11.307
-3.9147
10.285
17.621
-4.229
22.622
11.225
10.278
13.61
23.548
9.3347
7.6222
15.754
20.819
15.642
9.9971
18.048
28.889
11.998
6.1096
6.9419
4.2747
13.071
16.061
1.5879
9.3657
16.781
12.543
23.746
5.7227
3.4636
2.6726
9.6027
15.726
12.02
12.644
10.17
28.601
12.361
10.24
10.365
-20.86
6.2871
4.1797
15.367
12.852
4.382
25.604
5.8088
13.039
16.836
16.806
10.774
11.599
10.749
4.7435
7.2923
9.4232
9.0989
20.044
11.453
16.552
8.8969
23.798
22.623
11.42
16.524
5.9627
7.5423
6.5907
14.867
5.6498
8.782
21.897
18.133
6.2835
11.225
6.486
14.131
7.9546
5.1968
11.877
10.989
-1.93
6.4923
15.35
13.466
6.3051
17.088
7.221
11.943
-0.57685
9.3833
15.546
12.933
11.715
37.463
2.4403
13.77
20.858
13.52
10.06
4.3783
16.645
12.999
12.176
8.3544
6.8999
1.8437
10.158
10.108
10.965
3.2746
9.933
19.033
0.751
9.0271
8.4213
16.462
14.53
6.2821
14.482
13.419
11.856
8.4297
24.285
-4.5458
14.764
13.488
8.7866
15.265
-1.3394
27.905
0.89091
8.0797
14.99
10.639
6.3598
8.5862
-10.438
17.486
14.003
11.585
-5.9923
6.9608
7.7119
9.0764
4.1173
7.9579
-1.12
14.152
3.0669
8.827
18.707
0.052144
13.267
4.6712
19.595
7.289
20.499
16.614
13.795
1.8312
22.848
12.675
0.64731
15.155
15.164
14.796
3.0346
13.542
24.781
35.387
4.4141
12.343
6.0064
5.5594
12.456
8.9203
10.673
7.2204
4.4685
-2.2808
10.602
10.727
11.232
6.9062
7.0409
15.727
5.9844
10.705
-16.698
7.7194
7.7175
6.3089
18.913
22.623
14.608
26.883
14.585
3.7811
14.405
12.123
6.6338
18.017
9.4655
18.073
0.26172
6.2623
10.98
15.399
20.445
-6.753
8.3017
5.7549
6.749
12.122
4.317
22.034
14.202
4.6564
21.474
7.7407
12.533
6.2011
1.6862
5.5642
10.884
0.99342
14.784
0.54545
13.153
8.0467
7.4731
6.7493
12.795
-1.7402
15.116
27.085
15.52
