7.8182
8.8994
8.8231
16.174
19.436
11.407
12.141
0.53192
11.887
9.5322
20.477
12.952
5.6459
9.6759
11.188
10.318
15.136
4.7158
15.584
9.2178
11.303
19.127
11.107
7.0275
14.812
10.065
7.781
11.003
16.409
2.2717
13.966
1.884
7.4632
4.7857
1.6419
2.7086
-14.343
8.396
-0.61173
7.5579
4.7091
15.346
7.3556
-0.23994
9.7804
5.0218
17.238
1.0012
17.336
6.0513
12.722
20.712
12.082
10.12
9.0477
-8.4828
10.694
4.9326
8.7918
13.636
12.294
-2.6747
13.361
18.466
-2.4606
20.289
10.71
9.3837
11.419
22.332
6.6869
8.1134
17.34
22.16
15.5
11.016
14.912
26.74
13.893
5.8094
8.7032
3.123
14.312
14.167
1.527
10.556
15.601
14.523
26.46
5.6079
3.0413
1.4788
8.3232
15.494
12.103
11.346
9.9876
26.967
10.582
10.442
10.686
-20.858
8.125
4.0325
14.692
12.302
6.1085
24.238
5.2991
14.229
19.515
17.117
12.786
9.2169
11.185
2.4504
8.9988
9.4175
9.75
22.133
10.712
18.006
8.8904
23.075
22.443
10.905
17.755
5.7756
7.5073
8.0076
16.351
4.8411
10.344
20.286
22.738
5.3387
10.909
4.9016
14.555
8.717
5.299
13.195
12.261
-1.8805
8.6385
14.75
12.889
6.1998
15.576
9.1707
12.121
-0.13731
8.5162
13.65
11.636
11.059
36.597
2.1358
13.163
21.135
13.835
9.5201
3.2516
17.605
9.5687
9.8481
7.9959
6.4659
0.84522
10.212
9.6602
9.8918
4.6933
8.8861
18.227
0.65703
9.5127
7.1792
14.227
13.941
4.9339
13.1
14.072
12.491
7.5003
25.619
-6.3433
14.991
12.316
9.103
15.919
-0.23706
27.977
0.13384
8.6127
15.587
11.242
6.9511
6.1321
-12.364
18.167
15.009
10.537
-6.4886
7.3406
6.1181
8.6616
3.6739
10.429
0.63274
11.591
3.1236
7.3643
17.199
0.51297
14.039
2.9623
17.688
5.9257
19.306
15.393
14.11
3.5265
21.588
12.587
2.7611
13.253
14.27
17.011
1.0217
13.17
22.864
35.557
3.7027
12.463
5.9711
6.3701
12.898
8.9558
9.434
7.4344
3.4546
-1.8355
11.176
9.26
12.102
4.7885
6.3169
15.702
7.0015
9.4865
-13.715
8.5761
7.8017
6.711
22.348
22.742
13.5
25.733
12.957
4.0805
14.325
11.538
5.8634
17.507
8.7825
17.352
-1.6047
4.4763
9.7485
14.765
20.553
-6.3266
7.5179
4.8396
6.4822
12.668
6.8984
25.566
15.639
3.2028
20.948
9.2196
13.06
4.5736
3.2979
4.9203
11.049
0.54112
16.204
1.2448
13
9.2068
6.9961
5.1545
13.056
-1.9383
15.414
25.27
13.816
