9.5771
7.3645
8.7898
17.601
18.02
12.759
10.608
1.3417
11.645
8.3487
18.637
15.682
4.8812
8.2103
11.18
8.3733
15.912
4.7382
16.418
8.6116
10.931
20.738
12.381
8.0072
16.634
10.973
7.1654
13.158
14.726
2.8067
14.02
2.2082
10.447
5.591
1.0558
4.0821
-15.561
9.067
0.87849
9.9784
4.1516
15.516
7.3883
3.1939
9.9495
4.2845
15.568
1.4705
18.044
6.6166
12.31
19.698
9.9737
10.555
8.6825
-10.935
9.9218
6.0764
8.0344
14.249
11.76
-4.2
9.906
18.526
-1.9726
23.702
9.6626
9.2888
11.685
23.328
6.9395
6.5707
17.736
20.046
14.616
12.256
16.047
28.146
11.7
6.9075
10.504
3.2177
12.961
15.985
2.5361
10.747
17.022
10.569
22.744
7.2003
2.0463
1.256
6.456
15.806
11.841
11.826
10.467
29.789
12.214
11.175
10.974
-19.692
8.3013
3.6801
13.543
12.852
5.2201
23.03
5.0469
12.989
17.942
17.589
10.847
11.765
13.518
6.1474
8.4144
8.6715
10.487
18.737
9.9754
15.544
9.9621
22.978
20.912
11.227
17.434
6.7361
6.1809
8.0483
17.688
6.1867
9.5086
21.295
19.781
6.3329
11.827
6.008
14.174
8.0653
6.5665
12.907
12.148
-1.2691
6.1186
13.728
13.475
6.6066
15.081
9.1944
10.33
-0.33037
10.641
14.624
11.933
9.5677
36.624
2.1858
15.022
20.393
16.475
10.896
3.8366
17.296
11.419
11.273
7.5372
7.3475
1.2213
9.2238
10.854
10.353
6.0376
9.2101
18.117
1.26
8.8879
8.346
16.248
14.431
8.0333
14.633
12.825
11.896
8.3114
24.576
-4.0466
15.794
13.25
9.204
16.332
0.068801
26.834
1.1532
7.2053
16.699
10.084
7.8583
5.7795
-12.118
18.018
14.457
13.315
-5.8264
8.5936
7.8823
10.085
4.9555
8.4289
-2.1491
12.259
3.7381
7.689
15.853
0.9916
13.436
3.5124
21.579
6.0957
21.516
19.18
13.938
3.0181
22.45
12.475
3.2172
13.265
16.028
13.558
1.5761
13.576
23.262
32.865
1.2308
10.999
5.3146
3.6789
11.786
9.1913
10.816
8.3617
5.9585
-2.6193
9.7445
9.7137
8.2853
4.9447
7.5189
15.237
5.4186
9.9544
-15.525
7.8779
7.6936
6.1494
22.726
23.887
15.094
23.381
13.808
2.873
14.896
10.555
7.9536
20.15
8.7229
17.788
0.41341
6.3851
10.502
16.142
20.481
-6.1445
7.636
5.5952
6.9183
12.853
4.1003
21.199
16.023
0.94754
22.459
9.2206
13.6
6.8396
3.2725
5.8178
11.788
1.0423
16.594
0.1464
12.386
10.07
7.3661
6.6881
13.249
-0.82531
16.664
27.947
14.902
