9.2602
7.2859
10.373
16.414
18.691
12.027
11.044
0.63104
12.506
9.8055
16.976
14.212
5.3857
7.6744
11.4
8.7307
13.371
3.3323
17.506
10.831
12.957
18.607
12.584
7.2175
15.558
9.6749
4.9526
11.334
15.848
3.8346
14.283
4.2476
8.8443
4.5667
1.5054
2.9368
-14.468
7.9078
0.80672
8.5779
5.6902
14.775
8.2651
3.0598
10.739
6.941
15.364
1.0421
18.861
5.5562
11.854
19.038
9.1083
9.3896
9.2902
-7.8353
12.532
5.1824
8.3724
13.924
13.272
-2.7162
10.411
17.414
-2.6876
21.107
9.9887
10.706
11.906
23.524
4.8003
7.8032
15.979
20.722
14.55
10.737
14.786
27.167
12.693
6.8048
6.9765
3.0299
13.74
15.802
-0.50757
10.571
16.83
12.432
20.845
7.7705
2.2548
2.8741
8.9965
17.164
10.833
10.935
10.532
28.571
9.8081
10.004
11.102
-19.962
7.4663
4.9212
14.443
13.2
6.4482
24.286
4.9463
10.608
18.604
17.294
13.103
10.114
12.37
5.8459
9.0973
8.1928
10.021
18.343
11.799
16.18
9.5394
21.078
21.161
11.901
17.761
4.1551
7.2147
10.16
16.562
6.2651
10.471
21.832
18.338
5.2955
12.642
4.7283
12.524
8.9642
6.1987
11.919
12.157
-2.3771
6.1522
13.941
13.899
6.0167
16.045
7.3563
11.331
-0.022449
11.428
15.066
11.798
8.6624
35.597
1.5985
15.342
22.111
13.555
7.8447
5.0102
17.666
11.438
10.335
8.689
7.639
2.0881
10.146
9.2671
10.326
5.2927
9.867
16.937
-0.14954
10.036
7.672
14.183
13.937
5.6139
11.982
13.137
12.006
6.6107
24.874
-5.6533
14.167
13.185
8.8625
17.303
-1.4808
25.976
0.70916
9.6406
16.1
9.6025
7.5112
7.0182
-12.023
19.428
13.233
11.774
-7.1507
6.3909
5.8489
9.6253
5.5348
8.793
-1.5817
12.972
3.5058
7.5874
17.479
0.78503
12.029
3.7968
21.85
6.7886
20.946
17.431
12.738
0.98324
21.281
10.892
1.3931
14.789
16.927
12.985
2.7185
14.522
22.747
31.705
2.0265
9.9742
5.6174
5.9548
11.986
8.8591
11.555
6.3105
4.5543
-1.8049
8.4444
9.8587
9.0721
7.0407
6.8602
14.55
7.9353
9.8746
-15.377
8.8684
7.8643
6.1378
21.452
22.028
14.063
25.337
13.858
4.6156
15.374
11.284
5.7311
19.452
8.6936
18.571
0.83777
5.9998
8.2174
13.562
20.408
-5.4596
7.4535
4.502
6.1535
10.955
3.758
20.929
15.296
2.057
23.442
9.0901
12.041
7.0272
0.07583
6.5018
11.428
0.85781
14.312
1.4843
12.082
8.0287
8.3421
6.3048
13.36
-0.4789
15.615
29.671
15.696
