9.5189
9.632
10.247
16.833
19.218
10.234
13.556
0.3391
11.838
8.0526
17.988
13.393
5.6206
9.9615
11.031
9.2395
13.681
4.8083
19.002
10.485
11.921
20.498
12.166
6.1164
15.298
10.341
6.9203
13.304
14.857
3.7859
13.769
3.2473
9.919
5.2541
1.8677
3.7977
-14.501
7.9675
0.1269
9.0242
4.3343
14.619
9.1493
1.6152
10.379
5.8369
15.294
2.31
18.283
6.1907
13.989
20.692
9.975
7.679
9.0704
-10.389
10.018
4.6862
9.0572
13.72
10.957
-3.9785
11.209
18.457
-4.186
22.485
11.156
11.833
10.928
22.575
5.9098
6.6734
17.081
21.053
16.078
13.949
16.29
25.779
12.474
6.7955
8.4144
3.2018
13.024
15.074
-0.42521
9.5537
17.056
11.871
23.504
6.8838
2.8756
1.6329
8.3994
16.968
11.698
12.186
10.136
31.279
10.046
9.8473
10.414
-21.018
8.1043
3.2022
15.042
14.391
4.301
23.756
5.4913
10.998
19.171
16.244
11.082
11.731
12.192
4.891
8.3881
6.6473
8.6741
20.227
10.844
16.022
10.103
23.788
22.577
11.973
16.822
4.5356
8.6724
6.8864
16.568
5.7068
10.541
21.996
18.087
4.638
10.966
5.6711
12.254
7.969
5.0835
11.768
14.818
-0.11065
4.8759
14.587
14.268
7.1733
16.086
9.1469
11.531
-0.1885
11.681
13.647
11.481
9.0738
36.013
2.4521
15.523
20.825
14.281
10.381
4.2936
15.631
10.57
11.101
8.7346
6.5229
1.4405
11.341
8.9171
9.8044
3.6218
8.9612
16.696
0.11146
9.4442
7.4538
13.236
13.803
7.142
13.637
14.312
12.056
9.0176
25.237
-4.2038
15.168
10.862
10.266
14.971
-0.025102
26.293
0.10785
8.1154
13.932
9.4088
6.1732
6.388
-11.141
19.001
14.405
10.805
-7.067
7.1399
6.2317
9.9497
4.7117
8.2345
-1.5912
12.919
4.5087
9.2132
16.95
-0.33112
10.839
2.6193
22.711
7.6521
20.912
16.474
11.503
2.7089
21.97
10.911
3.3361
14.075
16.501
13.641
1.8552
13.454
24.557
33.559
3.425
10.731
3.7609
7.1988
10.779
9.6344
8.8495
8.6077
3.767
-1.3773
10.108
9.6993
8.5972
6.954
7.5079
13.804
6.6582
11.466
-14.397
6.9426
6.5796
7.6496
22.411
23.827
14.311
25.473
13.781
4.1251
15.509
11.33
9.2716
18.083
6.9451
20.081
0.53445
5.423
10.887
16.119
20.56
-5.3082
6.6861
4.8708
6.4822
10.658
4.7598
20.143
14.188
0.74814
23.148
10.699
12.291
5.6971
2.2197
3.6317
11.703
-0.11429
14.456
0.4931
12.005
7.1925
7.6866
6.0779
12.224
-0.81015
15.924
28.066
14.707
