8.4169
7.6078
10.352
17.305
17.913
9.8743
10.809
0.94803
12.091
10.366
18.995
13.336
4.696
9.2679
11.101
7.9772
14.738
5.7032
17.022
9.7236
11.337
20.918
11.002
7.9185
16.849
9.975
6.7908
12.47
15.792
2.0441
13.089
0.65845
9.5854
4.5925
1.6041
3.4232
-15.834
8.626
0.22138
8.6457
4.1881
14.835
8.5238
0.29702
11.355
6.5898
17.857
1.9641
17.271
7.1332
11.567
20.856
9.0414
8.9268
8.5806
-10.105
9.2605
4.5695
9.8622
15.604
11.186
-4.1455
12.315
18.989
-4.3406
22.296
9.3479
10.847
11.841
23.857
6.2843
7.8498
15.498
20.512
15.244
12.461
16.796
28.33
11.68
6.8132
8.0574
4.0181
12.274
15.518
1.6523
9.4678
16.396
13.913
24.574
6.949
3.4195
1.2156
8.2525
17.014
12.648
12.105
10.659
26.947
9.3808
8.6235
9.5879
-20.647
7.1842
4.1101
15.701
12.943
6.0072
24.084
5.0927
12.955
17.689
15.746
12.7
10.147
10.737
5.0683
9.5341
9.6508
8.4955
21.87
9.7606
15.844
8.0953
22.013
22.093
11.118
16.533
4.193
6.3239
7.9677
14.554
6.6895
10.394
22.285
20.384
5.3247
11.01
5.193
14.849
8.9979
6.8002
13.985
12.542
-2.522
8.0318
15.673
10.834
6.4972
15.33
8.7995
12.432
-2.3988
11.05
15.522
13.468
10.413
35.823
2.601
13.366
21.995
15.41
10.459
4.3959
17.885
10.76
11.186
10.28
7.3161
0.20839
8.7545
8.9177
9.3691
3.2543
10.839
17.584
0.85899
9.288
7.1617
14.376
15.578
7.6711
14.541
14.392
10.805
7.5115
22.843
-5.105
15.058
12.934
11.15
15.883
-0.5791
29.737
0.76025
7.5155
16.172
10.914
7.8979
6.802
-10.361
17.959
14.842
11.754
-8.5641
7.0921
6.4554
11.83
4.9083
9.5311
-1.6531
13.215
2.2488
6.9979
18.403
1.0128
13.176
6.0592
19.638
5.8443
20.009
15.497
13.674
1.7995
21.33
10.476
1.0112
14.195
14.955
16.523
1.1268
13.257
22.591
32.9
2.9683
10.777
4.9876
5.0127
11.677
11.301
11.802
6.3985
3.8181
-1.6533
10.764
9.2819
9.3255
6.5692
8.8837
14.398
6.4411
10.835
-15.576
7.762
7.0715
7.2187
20.98
22.886
13.992
26.754
16.336
4.0847
15.464
9.2888
8.8707
19.498
9.0836
18.694
-0.1153
6.1076
11.663
16.177
20.064
-6.9011
6.9236
5.6407
6.4568
11.605
4.3243
21.013
15.215
1.672
21.089
7.4592
11.661
3.5405
1.3246
5.0052
11.062
-1.0848
16.348
-0.4278
11.357
7.701
7.8074
3.9774
12.838
-2.7291
15.536
26.781
13.406
