7.8397
9.3901
9.4825
16.759
20.254
9.3117
9.861
-0.37206
13.156
8.2466
18.97
12.451
5.2262
8.9291
10.292
8.8445
14.004
4.8464
16.794
10.623
10.782
19.777
12.095
7.0144
15.094
9.1413
6.0427
12.808
16.814
2.5852
14.645
1.868
9.132
5.0388
0.59396
4.1086
-14.789
9.2659
0.11863
7.5474
4.2802
12.804
8.0365
1.1473
10.656
5.1568
15.211
0.34508
18.606
7.9097
10.393
19.983
9.8004
8.5103
10.072
-9.7699
11.616
4.3877
8.7207
12.406
12.563
-3.0959
12.464
18.439
-2.7295
21.555
9.354
10.679
10.432
23.198
7.5777
7.9619
17.695
20.993
14.59
13.098
16.542
27.086
11.882
4.9602
9.3306
4.6108
14.869
15.208
0.94485
11.587
16.019
12.149
22.674
4.876
4.5768
1.4864
7.7384
15.246
12.546
11.837
11.238
27.122
11.288
10.94
10.592
-21.76
7.2406
5.4003
13.617
11.807
5.3508
24.33
5.4807
13.879
18.269
18.157
12.896
10.14
12.396
4.1895
8.1738
8.1711
10.235
23.524
11.507
17.502
8.4328
22.096
22.329
12.718
17.681
5.5797
7.7906
8.4728
17.108
6.995
9.2183
21.308
20.586
4.1601
12.573
5.7081
15.797
7.8234
7.4292
12.261
14.178
-2.839
8.6324
16.663
12.825
5.9104
15.976
7.7471
13.036
-1.2651
9.7538
14.48
13.471
9.0983
35.352
4.4657
12.411
22.417
15.847
9.8485
5.5574
18.632
11.792
11.424
8.3096
8.2713
0.78845
9.7491
9.4209
10.346
2.8965
9.4349
17.939
0.87112
8.1925
7.5286
14.15
13.211
5.548
14.752
13.688
12.216
7.7063
23.705
-5.1623
16.383
15.633
8.763
18.488
-0.9091
28.66
0.23026
8.9003
15.462
10.371
8.0241
6.7473
-11.65
18.871
13.156
11.661
-7.2839
8.5554
7.5099
9.3417
4.6134
9.0067
-0.2347
13.311
3.026
8.0849
16.22
0.13413
13.856
4.8869
22.008
5.4297
19.637
16.933
14.451
3.4213
22.885
11.778
2.1008
15.679
13.405
16.514
2.3371
14.978
22.972
34.835
4.6391
12.501
6.1988
4.748
11.5
11.114
11.322
8.6545
4.467
-3.0058
11.505
9.0807
8.8747
6.6988
6.5446
15.667
7.303
9.5656
-17.064
8.6609
8.0068
6.3398
22.616
21.218
14.889
24.819
13.694
5.73
14.321
11.998
8.125
19.744
9.4894
17.857
-0.63777
3.9511
10.022
15.13
19.59
-6.2961
7.3225
6.4216
7.4831
11.79
4.9467
23.776
16.991
3.3772
20.888
9.5529
11.858
5.7936
1.9397
5.5147
11.989
1.2924
15.754
-1.1324
13.236
7.332
7.7867
5.9703
13.386
-1.7122
16.583
25.79
15.606
