9.8894
7.6381
10.341
17.128
17.944
11.788
11.253
0.32726
12.669
10.306
17.971
13.992
4.2194
10.221
12.144
8.6536
14.548
2.782
17.649
9.4993
12.263
21.183
13.628
8.1942
16.923
9.3883
5.5291
11.958
15.262
3.6136
14.318
3.6581
9.553
5.0582
0.97786
2.5436
-16.022
7.4299
1.2021
9.0824
4.6626
14.299
7.0383
0.38108
9.8736
6.2873
15.07
2.4116
17.418
7.6774
12.209
19.886
9.1252
10.217
9.6314
-8.1143
10.754
6.0427
8.3541
14.641
13.448
-5.497
10.368
19.495
-3.1006
22.837
9.7776
9.7837
10.541
22.749
6.2901
6.1213
16.327
22.159
13.824
13.038
17.66
28.265
13.175
5.4961
8.1125
3.8384
14.265
14.865
1.3582
9.1691
15.744
11.459
23.555
6.6694
3.9351
1.1902
6.4569
14.786
12.528
10.78
9.4366
28.135
11.11
9.6199
10.903
-20.233
6.1229
3.4574
16.067
13.68
4.521
24.122
6.0342
13.634
18.13
14.848
11.597
9.2926
12.038
6.7572
9.1119
8.626
9.3836
18.837
10.75
14.565
8.1381
22.585
22.711
12.363
14.72
5.6312
7.0464
7.8921
16.081
5.5659
8.1576
21.421
19.061
6.226
11.715
6.008
15.022
7.8795
5.7022
13.357
14.181
-1.3036
5.6309
14.485
14.153
5.2177
14.549
5.9395
12.714
-2.1745
10.768
13.579
11.327
9.4508
34.999
2.4751
13.452
22.055
15.279
8.6679
3.6188
16.886
12.328
11.748
7.7989
7.0766
1.3945
8.1523
9.6812
9.9542
4.6629
9.5316
17.851
1.2978
9.0816
7.9077
15.155
13.317
8.0091
14.105
13.424
13.446
7.4319
24.243
-5.6622
16.483
10.446
8.5903
15.64
-0.28854
27.119
0.75422
6.5832
15.65
8.8157
7.8939
6.2284
-13.317
19.365
14.33
11.184
-5.5482
7.8498
7.9336
8.6468
4.7258
9.8044
-0.21285
13.44
4.4917
6.9615
15.77
0.98827
12.875
4.3486
20.379
8.1725
21.463
17.461
14.051
3.3878
21.838
10.767
2.6875
15.165
14.576
14.167
0.20736
15.601
23.486
32.518
3.7562
9.4059
5.9337
6.038
10.13
9.7755
11.018
7.6449
3.8735
-1.5153
11.519
9.3255
10.319
6.2025
7.9393
14.459
6.9408
9.8685
-16.49
7.0937
7.4965
5.2835
20.609
22.218
13.248
24.606
12.472
3.9528
15.721
10.633
7.159
19.445
9.3584
18.897
-0.94758
5.6595
10.316
15.327
19.781
-6.4497
5.5268
4.7896
5.8803
12.782
4.6051
20.866
14.227
3.7866
21.02
10.418
12.812
5.7209
2.3119
5.7625
10.955
0.76411
15.597
0.50885
11.273
8.3005
7.3794
5.8386
14.079
1.0628
16.119
28.192
14.525
