7.8287
8.1949
10.727
17.372
18.714
9.1309
11.045
1.3865
13.126
9.9095
18.706
13.153
4.5532
8.8206
11.025
8.5634
14.648
5.8505
15.842
7.5284
10.641
19.397
13.682
7.4193
15.876
8.7577
5.8077
11.526
17.134
1.6853
13.322
3.3319
9.1678
3.7333
0.83771
4.1421
-13.423
7.9884
0.38014
8.388
4.5986
14.898
9.324
1.05
9.7147
6.0653
14.115
2.7675
16.833
4.4447
12.59
20.2
10.102
9.0377
10.229
-8.8719
9.1682
6.5358
8.41
13.896
11.768
-4.0477
13.385
17.659
-2.6213
20.816
11.738
9.454
10.861
24.033
6.3285
7.719
16.884
21.343
16.181
12.745
17.016
27.999
12.194
5.6631
8.7374
3.0273
11.815
16.255
0.89802
10.472
15.459
13.302
24.473
5.4846
2.8452
1.5733
9.3793
13.724
11.453
11.393
11.81
27.49
10.615
10.019
10.207
-21.844
7.3911
3.902
15.96
11.232
5.3219
25.783
4.0696
12.013
20.142
16.717
12.705
11.161
13.719
5.1256
10.384
7.1075
9.6531
21.933
11.388
16.903
9.0462
23.008
22.19
10.91
17.686
4.0884
6.7409
7.4112
15.602
6.0173
10.995
21.874
21.983
5.2839
11.845
5.3266
12.965
8.3899
6.133
11.627
13.166
-2.17
9.1277
16.552
14.019
7.506
15.879
9.7186
13.157
-1.8901
9.0334
14.565
13.342
10.812
35.806
1.5092
13.518
22.583
15.384
10.416
1.7158
16.334
11.838
12.128
7.081
8.9355
0.44472
8.112
8.4994
8.4168
4.9886
9.1129
17.815
0.59142
7.237
7.2236
13.665
14.603
5.8439
14.961
15.095
11.731
8.6244
22.46
-6.4672
13.307
14.241
10.762
16.085
-1.7831
28.609
0.19558
9.1028
16.658
9.9215
5.698
5.9406
-12.003
18.721
14.158
9.4256
-5.1249
8.5324
6.2167
9.0848
5.2046
9.3174
-3.9089
12.401
3.3118
7.5015
17.066
0.42549
13.463
3.8142
20.959
6.9558
21.038
13.787
12.481
4.3066
23.918
12.263
3.2978
16.331
14.603
17.293
-0.034844
12.156
23.281
35.306
2.8931
11.819
3.627
5.3834
11.832
9.534
11.541
7.9062
4.8177
-2.3358
10.949
8.2403
9.4157
6.0856
7.1231
15.212
7.3945
10.408
-16.637
7.9152
8.4388
5.4009
22.665
21.111
14.5
23.822
13.863
3.4127
14.968
10.721
7.5513
18.559
7.6794
17.66
-2.0865
4.6378
8.3937
13.292
18.33
-6.1788
7.597
5.8421
6.9762
11.046
4.671
23.111
15.293
1.2675
20.926
9.0761
14.156
5.7889
0.97642
6.3861
10.651
0.21014
15.941
0.48405
13.084
9.4698
7.4509
5.0079
15.387
-0.042786
17.847
26.189
14.731
