7.3403
8.3006
8.4296
16.119
18.948
10.469
10.547
0.089145
11.794
7.7318
17.166
13.487
3.6556
8.3961
10.327
8.127
16.006
3.7885
15.729
8.8847
10.834
18.845
11.893
7.3592
17.183
9.4415
6.2747
13.436
17.692
3.3701
12.695
1.1861
6.4026
4.7655
1.6306
3.6087
-13.648
7.9717
1.3399
9.153
5.1359
13.665
8.3296
0.68062
9.2449
4.5434
14.677
1.9264
17.316
5.9149
10.963
18.589
11.416
10.142
9.7689
-9.7046
8.4127
3.3362
8.0999
13.928
11.847
-4.2637
13.291
19.186
-4.4035
20.22
11.103
10.067
13.001
22.814
2.9929
7.817
15.591
19.59
13.447
11.468
16.099
26.94
11.443
4.5149
8.7083
4.1365
12.211
15.561
0.087091
10.348
16.255
12.987
25.436
6.9852
3.6182
0.59537
8.4564
15.462
11.504
12.148
11.419
27.747
11.016
10.259
10.178
-22.278
7.7504
5.2644
15.238
11.95
6.498
26.092
5.1854
12.785
19.725
15.692
12.252
9.1933
11.471
4.2335
8.2225
7.6679
9.2005
19.772
10.81
17.573
8.3265
21.166
21.467
11.415
18.16
5.8329
7.2423
7.461
14.331
5.9992
9.6381
22.104
21.661
6.1151
11.401
6.1304
15.092
7.5139
6.5883
12.328
11.264
-1.1145
9.0671
14.693
13.941
6.0148
15.789
7.0078
12.546
0.16184
10.698
14.888
11.834
8.473
35.08
1.9061
13.498
21.797
14.572
8.9086
3.5345
17.951
11.011
10.797
7.0586
7.8274
-0.51595
8.2925
8.1932
9.1831
4.4853
10.197
17.912
-1.8847
7.2699
6.682
14.266
14.973
6.5862
15.305
15.425
11.679
8.9298
24.034
-5.3392
15.049
13.834
10.381
16.288
0.66008
29.312
0.18423
7.323
14.147
9.5315
7.4633
5.5149
-11.151
17.783
13.123
9.9917
-4.7679
7.1007
5.1329
10.581
5.1698
8.5389
-0.12749
13.649
4.0315
6.9312
16.321
0.84558
13.563
5.4527
20.713
6.959
20.99
15.359
14.291
2.0155
22.868
12.322
2.2156
15.032
16.094
17.358
2.3137
13.373
22.238
34.6
3.3276
11.461
5.8346
6.3339
13.058
9.2598
9.3896
6.4032
4.1602
-1.247
9.8767
9.6651
9.9823
5.073
7.6327
15.177
6.6879
9.5522
-17.444
8.3216
7.5513
5.6061
24.39
21.699
15.274
26.061
15.263
4.6413
16.11
10.774
6.3702
19.395
7.7131
18.109
-1.2136
5.5489
9.2594
15.054
20.841
-6.6528
7.1838
5.4851
5.0615
12.209
5.3925
24.797
17.096
3.5527
18.572
8.6501
12.467
7.4895
2.2037
5.7378
11.304
1.2199
14.888
0.37101
14.37
9.5549
7.1053
3.8861
12.863
-1.2445
14.844
26.353
13.807
