8.7941
6.5816
8.67
17.154
19.888
10.487
11.24
0.21576
14.132
9.6979
19.018
14.794
5.6594
9.657
9.9715
9.6055
14.527
4.5018
16.454
10.165
11.243
19.331
12.814
7.8648
17.063
9.1328
7.0661
11.907
15.936
4.0328
12.37
2.1962
8.5878
6.4412
1.4491
4.4663
-14.046
7.9601
-0.23893
10.049
5.6104
15.393
8.2253
1.5272
9.5989
5.5432
17.575
1.1461
17.524
5.9784
12.73
18.962
9.6466
9.3669
9.6308
-9.4936
11.648
4.6787
9.1268
14.412
11.408
-4.6712
11.311
19.466
-3.4821
21.698
8.7235
11.483
10.768
23.614
6.1648
7.2059
16.629
20.476
15.475
13.13
17.318
28.692
12.188
6.7764
8.388
3.8813
12.032
14.916
-1.2835
10.24
16.186
12.198
23.687
5.614
2.6078
3.5038
7.7168
16.532
12.684
11.251
10.791
29.64
11.92
10.446
10.739
-19.667
6.096
4.3349
15.937
11.941
5.82
23.842
7.4172
12.969
17.571
17.494
11.592
9.37
12.97
7.0843
7.6523
9.0357
7.5612
20.286
11.303
15.632
8.3796
22.665
23.545
11.266
17.053
5.7166
8.0116
6.3085
16.241
5.6464
7.5152
21.859
17.94
5.5319
11.588
4.2204
13.31
8.8556
4.9589
14.235
13.533
-1.4102
6.2261
13.656
14.016
5.6571
16.521
6.7464
11.864
-1.1593
12.935
14.477
11.332
11.389
35.019
1.5794
13.446
21.253
15.065
9.2071
4.011
15.724
10.317
11.843
9.1543
8.9305
-0.87234
9.9005
9.3657
11.487
6.0385
8.1668
18.548
-0.55124
7.0351
8.4577
14.072
13.668
5.8534
13.907
14.21
12.929
7.1599
22.842
-5.4107
14.143
13.82
10.518
16.411
-0.8389
26.996
2.5922
7.5969
14.022
9.5154
7.5504
5.5527
-12.092
18.651
14.396
11.649
-4.4197
7.135
6.6377
9.0107
4.7515
8.9881
-2.588
12.028
3.2605
7.1521
16.798
0.85368
13.574
3.3303
18.783
6.6482
20.321
18.062
13.916
2.8424
21.112
11.221
3.689
14.003
16.411
15.104
1.7211
14.234
23.511
31.405
3.219
12.46
3.3024
6.0539
12.488
8.8097
10.227
8.0292
3.166
-0.61743
10.311
9.2854
9.9756
6.2426
8.0209
13.885
6.2911
9.2919
-15.671
8.1544
7.7493
5.9864
22.954
22.648
13.508
25.894
14.256
3.426
15.822
10.278
6.4106
18.702
8.6585
17.911
2.5293
5.8187
10.213
16.057
19.767
-7.3876
7.5756
5.8574
5.8851
12.413
3.6614
22.041
14.682
2.2791
22.541
9.8892
13.546
5.5055
3.1015
6.9351
11.661
1.0897
16.165
3.0162
12.23
9.2043
7.2238
6.0303
15.042
-1.9568
15.521
27.177
15.963
