9.8239
8.8075
9.2401
17.605
18.575
10.405
11.534
0.0090192
12.228
10.352
21.09
11.787
5.4977
7.6583
11.543
9.5759
14.493
4.602
16.948
9.584
11.728
20.765
12.773
7.787
17.108
8.2962
5.4685
10.136
15.413
2.1928
13.112
3.044
6.3903
6.3642
0.80709
3.6816
-15.3
8.7514
0.60233
8.9344
3.8432
16.151
7.1564
2.5485
9.9443
6.4396
16.682
2.6507
18.108
7.231
12.6
19.391
9.9314
8.87
10.688
-9.193
9.1443
5.4823
8.6746
16.621
11.841
-5.2671
9.9618
19.446
-2.279
21.862
9.6965
10.579
11.031
23.406
6.015
7.0143
17.605
21.354
13.774
13.639
17.316
28.844
13.366
5.9982
8.1261
3.8771
14.262
14.949
2.2983
9.0172
16.196
12.39
22.631
5.4144
3.3431
2.1825
7.7653
14.539
11.8
12.886
10.127
30.113
12.283
10.635
9.7806
-19.469
6.4206
4.2675
15.071
12.375
5.6096
24.993
6.3346
10.872
18.165
17.099
12.601
8.9429
12.419
5.9469
9.1238
8.6055
8.4616
20.505
10.517
15.801
10.004
24.571
21.861
9.2228
17.15
5.4616
6.9867
6.7895
15.805
5.6244
8.4506
20.741
19.206
5.1387
12.291
7.2735
12.469
9.1999
5.3379
12.948
14.027
-2.465
7.3223
14.972
15.901
6.6624
16.358
6.4823
11.784
-1.3987
11.31
15.086
12.775
10.335
35.581
2.4767
14.957
22.99
14.45
9.5933
4.1459
16.425
10.786
12.976
8.1743
6.8627
0.020893
9.3908
9.6452
10.493
3.8705
8.8673
16.975
0.56207
6.7376
6.8589
14.816
15.592
6.0827
14.288
14.599
12.045
7.3249
25.013
-5.9142
15.077
12.381
8.2833
16.423
-0.52472
27.405
2.494
9.7762
15.502
10.849
6.5961
6.6473
-12.216
17.809
13.968
11.447
-5.4957
8.3893
6.7375
9.6623
5.844
7.7505
-0.12887
14.046
4.8793
7.6717
18.705
0.37062
13.287
3.9033
19.062
7.4239
21.177
15.355
14.609
2.508
21.236
10.351
3.5871
13.391
14.761
15.343
2.0472
14.886
23.781
33.585
4.7756
13.34
6.3425
5.0227
9.9181
9.364
10.737
8.7203
4.7051
-2.4452
8.7241
8.8024
9.8251
6.554
8.617
14.844
7.1844
11.986
-15.898
7.6361
8.4943
8.163
21.033
23.908
14.3
24.452
13.432
4.2431
17.12
11.654
7.5273
18.36
6.977
19.769
-0.025229
8.2315
9.4743
17.892
19.9
-6.928
7.207
7.1384
6.8058
12.385
5.3662
23.39
13.958
1.1703
20.953
9.2591
14.323
4.9472
3.3032
6.9278
10.945
1.0521
17.098
1.2549
12.563
10.283
6.5736
6.5327
15.677
0.7514
15.621
25.963
15.043
