9.8218
7.5654
10.527
17.572
18.483
10.133
11.612
1.0234
11.944
8.8238
20.396
14.338
3.5465
10.648
9.8207
8.851
14.015
3.3086
16.867
11.298
11.398
20.938
12.618
6.1297
18.141
10.407
5.6261
12.654
16.922
2.5429
13.767
2.6406
7.1405
6.9726
2.183
5.2721
-14.151
8.3682
-0.48192
8.1121
3.7334
14.379
9.1358
2.8706
10.466
5.7783
14.734
1.3318
17.016
7.402
12.489
18.375
10.065
8.8908
8.1118
-10.943
10.808
4.8348
6.8407
13.285
11.511
-3.7159
10.883
18.855
-2.7917
22.705
9.7189
10.698
13.503
25.184
6.9823
8.1787
17.111
19.433
14.41
13.154
17.3
27.912
12.587
6.1065
9.1234
4.6186
12.844
16.631
1.895
9.8756
16.135
11.926
23.091
5.9341
3.4956
1.073
7.5499
15.283
11.967
10.782
9.9468
28.3
10.802
10.758
12.104
-20.667
5.973
6.0106
14.8
12.32
4.9653
23.371
4.1237
13.704
16.329
15.966
12.614
10.392
12.432
5.3914
8.3494
7.8563
9.1947
20.224
9.3524
16.25
7.1531
23.223
21.24
11.075
18.009
3.0274
6.2762
7.915
17.383
6.0182
8.0376
21.941
18.584
5.7124
13.05
5.6807
14.058
8.6733
6.6017
12.185
12.242
-1.0405
6.8111
14.786
13.76
6.6884
16.115
6.0853
11.175
-0.80628
13.172
13.684
11.431
10.555
37.753
2.6529
14.509
23.457
14.029
10.026
4.0537
16.624
11.091
12.169
9.5632
7.2116
0.97123
8.9757
8.9387
11.772
4.4773
11.077
16.706
0.49743
9.0567
8.6521
14.902
15.736
6.0767
14.272
13.705
14.126
7.4269
24.252
-5.7554
16.704
13.978
9.7486
16.939
-1.3389
28.335
2.054
7.7419
15.986
10.553
7.281
4.3544
-12.62
18.939
14.224
12.94
-6.0069
8.5805
7.2365
10.677
3.9219
9.3591
0.14853
13.883
3.6845
8.8216
16.953
1.1876
12.687
3.7329
20.256
5.5161
19.759
17.205
13.117
3.0405
21.386
11.732
5.0239
14.69
14.898
15.627
1.8476
13.083
23.966
33.262
4.2115
11.678
5.4436
5.7388
11.17
8.8914
12.503
8.3014
3.8768
-0.42905
10.094
9.6775
9.8561
5.1809
7.5983
15.45
6.7194
10.822
-15.236
6.7257
7.3299
6.7079
21.198
22.302
13.706
26.435
13.845
4.2789
15.283
10.856
7.7834
19.863
8.0138
19.231
-0.75652
5.1596
10.525
15.438
20.723
-5.1816
7.9026
6.2175
6.6198
11.581
6.0369
22.648
15.692
1.7483
22.792
7.7653
12.668
5.8038
2.5811
5.5037
10.747
2.0095
17.271
-0.031517
13.115
8.739
7.4602
5.5775
12.39
-0.13242
15.323
26.19
15.316
