9.2636
9.1643
9.4772
16.027
18.017
11.558
11.305
2.0119
12.118
8.6355
19.785
14.155
3.227
9.2098
10.585
11.08
13.612
3.8618
16.312
10.762
12.091
19.358
13.082
7.6494
15.489
9.8033
6.445
12.42
16.199
2.5854
13.782
3.2689
7.1519
5.4941
1.5401
3.005
-15.62
7.8438
0.3424
9.3327
4.4364
15.036
8.9309
2.9865
9.4356
6.5973
15.63
2.9986
18.176
7.336
11.926
19.45
9.5209
9.2156
10.95
-10.405
9.2037
4.3163
10.388
14.586
11.344
-3.5327
9.8113
20.567
-3.4215
23.722
11.609
11.558
11.027
23.095
5.7438
7.5476
17.381
21.51
15.832
12.014
15.881
28.735
12.705
6.315
7.6122
3.0531
12.719
16.103
0.33128
9.2874
15.829
12.358
23.407
6.9893
4.2922
1.795
8.5981
16.617
12.921
12.096
11.193
29.452
10.964
9.57
10.714
-21.564
7.869
5.5983
14.165
12.256
4.9056
23.984
5.6585
12.788
17.098
16.215
12.961
8.8941
12.604
4.5351
8.2634
7.7817
8.8071
19.65
10.579
15.506
9.5487
23.243
21.195
10.517
16.189
6.2232
5.9038
7.4798
15.276
6.8654
9.47
22.11
18.752
5.8709
12.584
6.061
12.194
8.0602
6.8691
12.399
12.856
-1.394
4.6854
15.212
15.15
5.2297
14.571
9.7173
11.719
0.15139
10.635
15.146
12.193
9.3733
37.059
2.5201
13.025
21.262
13.197
9.4754
4.6522
16.724
10.336
12.68
9.1995
7.41
1.6806
9.9615
10.188
10.504
5.7655
9.9913
17.574
1.4928
8.9167
7.9279
14.237
14.586
6.2475
13.711
13.428
11.525
9.0119
25.184
-5.8576
13.73
13.614
8.833
15.453
-0.62807
26.842
0.74472
8.3831
16.898
11.451
7.409
7.74
-12.517
18.09
15.06
10.45
-7.3809
8.1975
6.0932
9.2043
5.3078
9.934
-2.7818
13.571
3.5754
8.0679
16.87
0.40337
14.019
4.2777
21.525
6.5213
20.933
17.185
12.779
3.8917
23.885
11.257
3.2373
15.138
15.473
14.751
1.8309
15.897
23.984
32.251
2.9315
11.093
5.1265
5.3703
11.912
8.5767
10.051
7.1376
4.1451
-1.5905
10.515
10.081
9.3302
7.0037
7.6714
15.433
8.5008
12.335
-18.642
6.2831
6.0656
5.6475
21.824
21.181
13.501
25.294
12.652
4.4724
15.698
10.961
5.6905
19.253
9.5448
18.3
-0.1396
7.7455
9.0474
16.219
20.59
-7.8445
6.0447
6.4088
7.9369
12.166
5.5009
20.959
14.938
2.5571
22.247
9.4488
13.695
6.1605
1.6469
6.2006
11.49
0.94919
17.08
1.3836
12.688
9.2246
7.9694
7.0764
11.965
-1.183
16.147
26.983
13.827
