7.7162
7.2089
10.411
17.023
18.333
11.301
10.685
1.086
13.176
8.6891
20.187
14.113
5.4825
8.3319
10.252
7.5909
15.83
5.227
16.768
9.9334
11.151
19.613
12.83
6.4497
16.061
10.406
7.3337
11.291
16.113
3.6089
13.746
2.7472
9.426
6.2281
0.90476
2.7023
-13.819
10.061
0.82852
8.0824
3.4448
15.369
9.2809
0.81295
10.521
6.2156
14.669
3.3879
17.035
6.6692
11.05
20.421
9.6392
9.0851
8.8239
-10.697
10.487
5.9242
8.7633
12.456
11.983
-4.0803
13.166
18.867
-1.8045
21.727
10.102
10.885
13.113
22.312
5.5733
7.7802
16.638
21.527
14.936
12.078
14.998
26.563
12.344
7.3811
8.3017
3.5799
13.605
16.042
0.76249
9.6307
16.51
11.84
22.895
6.4334
3.9384
3.329
6.7618
17.129
11.85
11.927
11.085
31.333
10.794
8.7363
12.163
-20.219
7.2803
4.6126
16.327
14.678
5.8057
23.136
5.0482
12.054
18.271
15.723
11.324
9.0466
11.477
5.375
9.0566
9.4412
9.2048
20.778
11.47
15.897
9.1683
22.95
22.031
11.612
18.274
5.232
5.7456
6.87
15.726
6.6487
9.5363
21.306
17.639
6.2626
12.532
5.0769
14.06
7.9172
6.4641
11.793
13.136
-2.7034
4.0351
14.589
13.336
5.4174
16.749
7.4212
11.712
-1.3205
11.05
14.063
12.753
10.51
33.886
3.2662
14.232
21.273
14.207
9.9588
4.739
16.797
11.3
10.676
9.1923
7.2354
0.50565
9.7972
8.9936
9.9639
4.469
10.422
15.847
0.37133
9.7097
7.2144
14.942
14.382
6.1506
14.614
14.661
12.309
7.2184
25.618
-4.8657
14.599
12.684
8.3922
15.33
-1.0219
26.747
1.5325
7.6615
16.353
9.3752
7.0084
7.6096
-11.342
17.19
12.778
11.921
-5.8957
7.4581
6.2558
8.0202
4.0435
9.1551
-2.3965
14.557
3.6261
8.7299
15.69
0.62695
12.742
4.1564
20.442
6.9407
20.844
16.713
12.496
3.0326
22.482
10.965
3.4815
12.998
14.337
14.133
2.2421
13.578
23.342
33.351
2.5722
10.956
4.1801
4.8273
11.646
8.5779
10.698
8.1862
3.2858
-1.4082
9.5649
10.101
8.9953
7.2728
7.3852
14.894
5.9458
9.3378
-14.589
7.8901
6.7831
4.9491
21.446
23.61
14.121
25.159
15.442
2.0844
15.864
10.991
8.2894
18.334
8.3869
19.851
-2.2021
5.5248
9.876
16.467
20.659
-6.1727
9.0978
5.4734
6.779
11.152
2.9486
22.066
16.194
1.5171
21.1
8.4809
13.558
4.8055
2.7218
4.7913
12.202
1.5533
16.116
-0.42692
11.969
7.1449
8.429
5.2721
12.927
-1.7058
17.263
27.692
15.302
