9.1491
8.903
11.361
16.845
19.349
10.25
11.214
0.73495
11.923
9.7323
19.268
13.604
3.841
8.6994
11.867
8.7832
13.89
4.0718
16.299
9.8377
12.219
19.274
12.914
8.1366
16.561
9.9827
6.3843
13.176
15.642
3.3242
14.422
1.6226
8.7942
4.0757
1.9755
3.0303
-15.683
8.2125
0.46866
6.7597
4.6188
13.061
8.5278
2.1692
10.765
5.2537
13.6
0.38586
16.429
6.4919
12.288
18.684
9.7404
7.8087
9.6396
-7.7998
9.6642
5.1002
8.8236
14.675
13.327
-5.1096
9.344
17.468
-4.4599
22.988
9.8598
11.284
12.961
23.536
7.2973
6.7972
16.122
19.946
15.071
12.861
15.283
28.682
13.068
7.2857
7.2183
4.2818
13.189
16.018
2.5112
9.6382
17.605
11.766
21.693
6.3004
2.1949
1.5522
9.3757
15.505
12.214
11.538
9.7325
29.534
11.502
10.424
11.816
-21.717
7.9192
3.3702
14.912
10.861
5.5975
24.833
5.5539
12.294
18.445
16.005
12.025
11.386
13.636
4.8608
8.1548
9.3216
7.4989
20.866
9.5047
15.481
9.0061
22.846
21.414
10.319
16.384
4.9835
6.8021
7.6779
16.337
5.7379
9.9958
19.885
17.356
4.8244
11.905
5.8408
15.639
8.5342
5.2241
12.231
12.311
-2.0376
6.1441
14.563
13.629
5.0774
15.892
5.9289
12.106
-2.0942
10.915
15.656
14.312
10.934
35.083
2.0693
14.801
21.724
14.826
10.745
3.7094
15.471
12.384
12.593
7.5618
6.2035
0.7471
9.1069
10.027
9.6943
3.7796
9.5389
16.893
-1.0313
9.4733
7.8077
14.683
14.182
6.7161
15.55
14.111
13.96
8.3919
24.441
-4.7257
14.641
12.217
9.1558
14.71
-1.1836
27.323
0.87703
7.1767
15.126
10.451
6.6289
6.7058
-11.467
18.033
13.726
11.734
-6.4134
7.6073
6.1131
8.6248
4.5939
9.917
-1.8736
12.671
2.6926
8.163
17.248
1.5545
12.936
4.6545
19.543
6.3043
22.375
15.993
13.516
2.6327
22.474
11.622
3.2936
14.881
16.11
14.078
2.5245
14.267
22.885
33.84
3.7142
11.653
4.0591
6.3544
10.366
8.0897
10.347
7.3668
3.5133
-1.0108
11.019
9.3131
9.8729
6.423
7.8299
15.243
6.4834
10.379
-16.391
6.5898
6.8034
5.3628
21.971
23.139
13.787
26.119
13.129
2.8744
13.616
8.8715
7.0057
20.991
8.1952
19.234
-0.22604
5.8323
8.96
14.915
19.522
-6.7102
7.6214
3.9572
7.7489
12.231
3.9768
22.712
15.862
2.3118
21.897
8.2216
10.877
4.7812
2.3677
5.0315
11.814
0.0039575
16.684
0.43714
12.512
7.9831
9.4567
5.0928
10.726
-1.8812
15.91
26.526
14.701
