7.9541
8.1938
10.084
17.952
17.966
8.9293
10.691
0.018164
11.646
8.61
18.249
13.833
4.3442
7.497
11.369
8.4677
14.97
4.1211
15.805
10.415
11.555
19.359
14.193
7.7829
14.896
11.192
5.548
11.699
17.598
3.5426
15.773
3.0084
8.5011
5.822
1.2148
4.4503
-14.938
8.3835
0.13734
8.0646
4.3427
13.942
7.5859
1.3736
9.3849
5.7018
15.318
1.4335
16.635
6.5075
12.532
20.233
10.715
9.853
9.2462
-9.5469
11.455
7.3917
8.3078
13.443
10.531
-5.7305
10.665
20.208
-2.8812
22.686
9.8749
9.827
12.351
21.905
4.9463
6.3848
16.678
21.521
15.302
12.691
15.426
27.896
12.162
7.0884
9.2841
2.6616
13.743
17.417
1.3371
10.113
17.563
11.52
23.484
5.9687
2.5023
2.3474
9.6272
14.433
12.03
12.532
9.5363
29.478
12.066
8.6979
10.1
-20.341
7.7978
4.0431
14.004
12.964
5.0535
24.661
4.7395
9.8065
17.054
16.759
12.928
10.124
12.134
6.5618
9.0317
7.6624
7.7153
19.324
11.557
15.768
8.8537
24.792
22.818
10.607
17.127
4.7171
6.9134
7.8939
17.167
6.4264
8.561
20.618
19.51
5.029
10.446
5.5857
13.219
8.8953
6.6675
12.558
14.791
-3.0986
5.884
14.794
13.111
5.7947
16.826
7.1988
11.73
-0.92813
10.878
15.422
13.503
10.447
34.404
3.7138
14.028
20.586
14.115
9.7155
3.5732
17.418
11.76
12.765
8.8973
7.4387
0.52967
11.509
8.6852
10.758
3.842
8.3754
17.553
-0.17612
9.5028
6.7588
15.424
13.148
7.4631
13.093
14.739
13.947
8.1652
25.104
-2.6972
14.108
13.12
8.9635
15.574
-0.37018
26.977
1.5298
7.2571
16.116
9.3334
7.2014
5.4049
-11.423
18.845
15.087
11.771
-6.421
6.1429
4.7975
9.081
4.4097
8.6579
-0.71066
13.571
3.6819
6.7595
17.166
1.653
11.255
3.742
21.126
7.473
20.738
16.14
13.496
0.72543
21.467
11.06
2.0895
17.04
16.331
13.203
1.9089
13.319
22.943
33.055
3.0214
10.506
3.175
4.093
12.091
10.019
9.435
6.9766
4.1689
-2.7447
11.456
9.22
9.8555
7.0053
7.9065
14.598
5.8973
9.6379
-15.395
8.2285
7.2265
7.5563
20.518
20.705
14.621
24.873
15.275
4.4366
14.419
10.552
7.2004
20.137
9.1034
18.712
-0.40344
7.2888
11.392
16.337
20.332
-6.3962
6.5646
4.6759
7.7872
12.321
5.6476
21.99
16.065
0.93139
22.175
9.3222
13.464
5.97
5.9828
5.5662
10.634
1.29
16.839
0.19063
13.236
7.4067
7.2904
5.8646
12.938
-1.8243
14.777
27.889
14.747
