9.5116
9.8854
8.6939
16.498
18.312
9.9025
11.308
-0.76195
12.799
9.7949
18.998
12.708
4.7308
8.7953
11.76
8.9163
14.801
3.1142
17.081
10.094
9.4799
19.791
11.88
7.7423
15.801
9.8494
6.2558
13.755
16.216
1.3566
15.852
1.1399
9.637
5.5917
0.64331
3.9916
-15.72
8.327
-0.4767
9.5353
3.4825
15.971
8.3262
1.8836
10.271
5.8548
16.499
1.3371
17.982
5.3598
12.229
19.254
10.512
10.054
9.2579
-8.1017
9.8757
4.2891
8.0826
14.578
11.808
-2.8125
12.698
18.321
-3.6059
22.617
10.156
10.997
11.868
23.016
6.6401
8.0457
15.75
21.119
14.721
12.28
14.387
27.659
12.777
5.6358
8.7185
4.7441
13.879
16.089
0.010794
8.7163
14.177
10.871
22.504
4.9267
4.7383
1.8054
8.443
16.864
12.916
11.227
10.591
27.368
11.469
10.912
11.504
-20.177
7.5158
6.3223
14.535
11.691
5.3179
25.739
5.1515
13.454
17.967
18.067
11.61
8.3217
11.632
5.1896
9.6648
9.423
8.3072
23.56
11.435
16.648
8.2601
21.85
22.997
10.61
17.3
5.3936
5.583
8.3719
16.937
6.8628
9.8173
23.061
20.187
5.7879
12.981
6.064
15.314
7.9464
6.183
12.924
11.818
-2.0899
9.0974
16.751
13.108
5.8038
16.43
8.8868
12.468
-1.4698
11.223
13.862
13.178
11.437
35.627
3.0647
13.739
23.075
13.478
12.15
3.6101
17.49
11.045
12.294
7.4522
6.2141
1.1353
8.3255
9.1595
11.339
2.9994
10.324
18.507
0.002869
7.1741
7.7849
15.84
12.907
5.9465
14.885
14.338
12.369
7.7985
23.761
-4.5356
15.343
13.546
8.7452
16.358
-2.0302
28.068
0.54544
7.3338
15.458
9.0544
6.9025
6.6366
-13.303
16.614
14.651
10.811
-7.1034
7.234
4.9816
10.267
4.7424
8.3727
-0.88176
13.454
4.074
7.9926
15.584
-0.64717
13.735
4.8589
19.945
6.6848
21.042
16.454
14.823
4.3246
22.591
12.059
3.077
14.935
13.926
15.928
0.3186
14.15
23.969
33.845
3.0693
12.333
5.6486
7.6034
12.876
10.473
9.2821
7.8027
2.7542
-1.3365
11.421
10.581
9.0232
6.3485
6.0231
16.178
6.631
11.236
-15.541
7.8174
8.9227
5.8694
21.859
21.941
13.859
24.608
13.42
3.4274
15.883
11.75
8.4002
20.58
8.6692
18.847
-0.99006
5.0631
10.983
15.218
19.267
-6.7605
7.4582
6.6079
6.4772
12.984
5.3366
21.625
16.575
2.0525
19.454
9.4938
13.256
5.872
0.72633
4.8955
11.152
1.2048
16.176
0.79479
12.889
8.8569
8.3194
5.584
13.748
-1.0878
14.762
25.685
16.519
