8.6368
7.6439
9.7547
17.128
17.776
8.5073
12.209
1.7939
11.398
9.32
19.66
13.38
3.1808
8.3192
10.65
9.0042
13.482
4.9696
16.817
10.377
10.716
19.372
11.5
7.8167
15.849
10.813
8.0355
12.069
15.747
3.562
13.711
2.8892
7.9317
5.244
1.1472
3.5879
-14.2
8.4086
-0.17003
7.8497
3.4229
15.448
8.3279
2.0609
10.804
7.5115
14.763
1.5033
18.274
6.0576
12.149
18.164
9.7281
8.4647
9.6217
-10.615
11.09
5.1388
9.2419
13.387
9.9938
-5.0475
10.959
19.359
-2.7748
21.161
11.057
8.8397
9.9421
23.532
5.5867
7.5923
16.257
20.527
15.001
12.552
15.527
29.529
12.176
7.1414
7.7637
3.546
12.234
14.838
1.7059
10.043
16.604
14.274
23.725
6.6969
4.5108
3.6854
9.5242
14.794
12.418
12.05
9.433
30.335
9.313
8.8372
10.109
-21.883
5.3322
6.1772
14.758
12.759
4.9044
24.979
4.0793
11.208
17.946
16.381
11.376
10.094
13.118
5.6584
8.6566
8.7968
9.6916
21.427
9.6519
17.15
8.4344
22.878
22.879
11.123
18.333
5.7064
7.4416
7.7904
15.157
5.6022
9.6194
22.429
18.768
6.5977
13.233
5.1099
13.93
7.149
6.4972
12.655
13.841
-1.5944
6.8507
13.997
12.586
6.2397
15.068
9.6631
11.794
-0.56967
9.5869
15.012
12.228
11.282
37.447
3.0932
12.779
22.178
13.583
10.781
4.4844
17.342
9.8097
11.511
10.113
7.4612
1.5551
7.9112
10.028
9.7913
4.6828
9.1433
19.129
-0.15671
8.9691
9.5827
14.885
15.303
5.2692
13.642
13.861
13.247
7.8455
24.148
-5.5024
16.218
13.773
9.8514
16.466
-1.7365
28.194
2.0656
7.8309
15.538
11.594
6.9674
5.9165
-11.612
18.465
14.414
11.501
-6.6566
8.9606
5.8448
9.1608
5.5876
8.7419
0.58533
13.59
3.1079
7.381
17.235
1.621
13.486
5.7029
18.77
6.7832
22.432
15.437
11.741
2.6892
20.827
11.831
2.7058
15.178
15.697
13.762
0.28498
12.729
23.454
33.97
4.2544
13.249
6.5017
6.1354
10.81
9.9981
9.3568
7.9545
5.5911
-1.182
10.302
9.9352
9.4826
5.905
7.3975
13.75
6.2457
10.404
-15.489
7.6707
7.2123
6.9459
22.149
22.359
13.686
27.039
13.64
4.3848
14.518
9.357
7.8298
20.328
8.7434
18.401
0.27395
6.1161
12.085
16.099
20.293
-7.5444
6.8745
6.6751
6.9921
11.857
4.1074
21.42
16.045
2.66
21.362
7.7989
14.08
4.6069
1.8707
5.8192
10.227
0.85865
14.854
0.0097608
11.795
8.7545
8.9207
4.4765
12.113
-1.0872
15.456
25.842
15.391
