8.0356
7.6369
10.638
18.605
17.563
10.237
13.107
-0.73763
12.356
9.5911
19.938
13.747
4.7765
8.0464
10.099
11.014
14.774
5.7584
16.107
11.777
9.354
19.668
11.684
6.5113
15.654
10.058
5.1839
12.173
15.388
2.6514
12.642
2.9437
6.9843
4.0702
0.20983
4.0753
-14.686
8.1245
-0.60238
8.5778
4.0132
14.94
8.6065
1.4978
12.347
5.4825
15.63
2.5039
17.059
6.1341
10.696
20.315
10.853
9.8598
8.7968
-8.8598
12.539
6.217
9.1955
15.504
12.234
-3.2795
12.357
20.301
-3.8604
22.568
9.9323
10.338
10.425
21.989
6.2918
7.9585
16.553
21.28
16.366
12.012
15.929
28.109
13.521
6.7799
8.0989
3.9622
13.139
15.419
-0.11975
9.8903
16.974
12.712
23.627
6.0283
3.4178
2.1172
9.1523
15.258
11.239
12.133
12.053
27.545
10.972
9.5188
10.878
-21.241
8.5718
4.064
13.596
13.037
4.9364
26.379
7.2799
11.604
18.112
16.192
14.234
10.276
12.784
5.6179
9.2799
8.9301
7.8477
21.192
9.8217
18.594
9.6312
23.924
23.493
10.331
17.206
4.3249
6.1768
8.1257
15.788
7.5353
7.0599
20.815
20.292
5.765
12.027
5.9672
15.066
9.4392
5.0881
14.096
12.836
-0.43005
7.074
13.501
13.991
5.5677
15.772
8.9615
11.678
-0.96591
9.6819
12.822
12.95
11.835
37.043
4.773
14.228
21.911
11.235
10.253
4.0314
17.993
10.968
11.072
9.1521
7.4141
1.2063
7.4459
10.088
11.481
4.9012
9.6336
17.464
0.25956
8.2236
7.8956
15.951
16.932
6.9721
14.066
13.112
11.798
7.3103
24.842
-6.8977
15.604
13.101
9.8795
17.055
-1.5702
27.331
0.63033
8.9604
15.164
9.0598
8.2623
6.5436
-10.78
17.617
13.695
11.077
-7.0483
7.9488
6.8411
9.8422
5.4107
8.7568
-0.10543
11.895
4.0141
8.0213
17.379
1.9449
13.33
4.4603
21.577
6.235
21.21
17.413
13.191
2.4619
22.53
11.35
4.1759
13.754
15.674
15.833
1.1838
13.419
22.932
35.503
3.3376
12.322
4.524
4.6813
11.931
10.839
10.933
8.3012
3.7675
-2.1883
10.358
9.6616
10.918
4.5818
5.882
15.728
6.5969
10.894
-14.924
8.4674
7.5525
5.5379
20.452
21.359
14.035
25.252
12.978
4.1583
15.896
13.104
5.8367
19.971
8.8904
17.705
-0.29978
6.3631
9.1725
15.75
21.619
-6.089
7.8314
4.3288
8.1576
12.953
3.9025
23.239
14.99
2.8334
19.926
9.8457
13.262
4.451
2.5493
4.5732
10.089
0.19347
15.824
0.59088
12.702
7.7849
6.4538
3.9077
13.275
-1.1934
16.105
26.485
14.875
