9.5385
7.0278
11.491
16.749
18.454
9.6311
12.844
0.53827
14.041
8.8026
19.121
12.808
4.617
9.2077
11.869
9.9206
15.267
3.9875
17.931
9.6842
10.668
21.143
13.457
7.5473
16.167
9.5212
6.3922
13.45
17.706
4.3202
13.396
2.4912
9.4441
3.9381
0.46288
2.8014
-14.824
8.1024
0.70358
9.7739
3.9112
15.488
7.2927
1.4
9.1232
6.1966
15.305
1.9289
19.715
7.2126
12.981
19.6
9.3188
7.8108
9.9166
-8.4336
10.51
6.1838
10.651
13.716
12.968
-3.4927
11.767
18.969
-3.5503
22.875
9.4642
9.6112
11.651
22.404
6.456
6.9107
16.501
21.694
16.305
11.476
17.917
28.518
13.783
7.7538
7.5764
3.6063
12.482
16.719
0.33362
9.8556
16.22
12.438
23.42
6.9542
2.8965
1.2867
8.0637
13.918
13.501
10.951
11.558
26.507
11.909
8.6815
10.475
-20.513
7.3483
5.3788
14.189
12.478
6.7682
24.483
4.729
13.811
18.17
16.367
11.254
9.8843
11.926
5.44
8.4002
8.7032
9.021
22.06
9.1878
18.18
9.3066
22.66
22.327
11.784
15.383
5.0231
5.7079
6.5663
14.441
7.1207
9.5603
21.682
21.892
6.0126
12.159
6.1683
15.696
8.4171
5.4414
12.628
12.469
-3.0328
7.5914
17.158
14.805
5.1592
15.452
7.8158
12.003
-1.3234
11.281
14.929
11.406
10.149
37.506
3.9484
12.227
21.791
14.727
8.7581
2.887
19.807
11.583
12.059
9.4165
7.233
1.4073
7.9406
9.3091
11.344
4.2865
9.8897
17.08
1.5529
8.4569
8.1255
14.895
14.455
5.9273
13.386
13.531
11.098
7.7814
24.581
-6.4267
16.173
12.427
11.62
16.426
-1.5324
29.849
1.0191
7.6965
14.293
10.428
7.7437
7.1729
-11.895
19.216
13.345
11.687
-6.0904
8.3709
7.9819
11.184
5.6992
9.0738
-0.64141
13.111
2.505
7.3487
18.089
0.54027
12.196
4.7954
21.441
4.6609
21.745
16.095
13.436
3.0332
23.065
11.866
3.0113
14.37
15.229
14.292
1.7
15.412
22.168
34.089
2.9837
12.578
5.4999
6.3069
12.706
8.4467
9.8555
7.3859
3.8943
-0.82708
10.492
9.6088
11.035
4.2344
7.8157
15.356
6.3324
9.9324
-15.11
7.5821
6.5693
5.022
22.516
20.988
13.541
25.664
13.283
5.1763
16.739
11.943
7.6405
22.207
8.9677
18.729
-0.97493
7.3504
11.474
14.76
18.61
-7.0395
6.397
4.4801
8.0815
11.146
5.52
21.632
15.216
2.7102
20.17
8.8838
11.105
6.1357
2.2361
7.0995
11.119
1.6901
16.576
0.57684
12.476
8.7035
5.3394
6.6331
14.684
-1.7315
16.536
26.151
14.831
