9.4823
7.4505
9.0951
15.779
19.985
10.183
11.697
0.013412
10.843
9.9711
21.182
13.37
3.5918
9.6636
10.878
9.4838
15.46
3.7785
17.985
10.575
10.544
19.722
11.911
7.9865
16.198
10.238
6.5031
12.348
17.154
3.6983
12.661
2.609
8.7533
4.6342
1.4564
2.9819
-15.342
7.4984
-0.085283
8.0343
5.4044
14.101
8.5159
0.88824
10.184
5.3817
15.13
1.9247
18.904
5.7045
12.114
20.182
10.41
8.7075
8.3761
-8.5501
9.9907
3.8493
9.6207
14.906
11.494
-4.1246
13.165
17.731
-2.791
20.191
10.92
9.4942
11.471
22.504
5.9311
6.8298
16.337
20.166
16.038
12.094
14.309
24.881
10.148
5.6093
7.8142
3.6772
12.124
15.234
-0.56907
9.2091
15.103
12.105
22.877
8.1531
6.2886
1.3011
8.7734
15.805
11.428
12.247
11.702
27.47
11.331
10.086
11.498
-20.982
7.3001
4.8311
15.88
10.238
7.239
25.715
5.3262
12.695
18.814
17.772
13.908
9.4319
13.125
4.9144
10.725
7.7336
9.9946
22.599
10.585
16.079
8.057
21.632
22.874
12.486
18.085
4.2921
6.9536
8.7498
15.048
7.487
10.48
22.126
22.066
4.6072
10.756
6.3362
15.335
7.1419
6.2494
12.266
12.783
-1.2848
8.3453
16.689
13.519
6.1625
15.614
9.7976
12.727
0.66218
10.303
14.558
11.781
10.19
36.588
2.2717
14.246
20.954
12.651
11.276
3.9743
19.071
10.533
10.816
8.8516
6.9968
0.77434
7.2709
9.7591
10.125
4.2451
10.327
17.014
-0.34799
7.5421
8.1744
14.651
14.69
7.1595
14.731
13.224
12.749
8.7939
24.579
-4.3221
16.415
12.225
10.67
16.489
-0.73277
28.479
0.84946
8.4185
15.701
8.5679
5.7567
6.8163
-13.316
18.141
12.637
11.275
-5.5843
8.3603
6.8335
10.408
3.8718
7.6789
-0.79614
12.568
4.3167
7.2397
16.557
0.54068
14.475
4.3714
21.454
7.3724
21.191
15.861
13.585
2.7565
21.662
11.17
2.2613
14.162
15.699
17.615
1.6649
13.542
23.269
34.373
2.7033
12.827
4.9612
5.9841
10.9
10.214
11.053
7.9007
3.3597
-3.0157
12.439
10.355
9.675
5.3844
7.5717
15.635
6.2269
10.657
-15.14
9.4156
7.6819
7.378
22.792
23.434
13.758
26.438
12.461
3.1713
15.163
11.838
5.0947
19.219
9.4817
18.89
-2.6532
5.7635
10.403
14.886
21.063
-5.2116
7.596
5.4683
7.1345
12.783
5.0612
24.115
15.964
3.2337
19.869
9.2382
12.323
6.2127
2.1857
5.0706
10.849
0.78474
17.218
0.91159
14.726
10.235
6.6611
5.6628
14.236
-2.8062
15.292
26.046
15.155
