7.9259
8.6125
10.248
17.585
18.272
10.443
11.615
-0.49801
13.124
9.3655
18.719
13.092
5.478
8.3012
12.528
9.5822
16.508
4.5877
18.046
8.0423
11.46
20.69
12.527
7.1798
15.194
8.5761
6.2302
13.103
15.892
0.98783
14.643
1.7048
10.033
4.2662
0.65531
2.8643
-14.488
8.4655
-0.72901
7.0633
3.9462
16.491
6.2596
0.60059
8.2078
6.2214
14.536
0.21481
18.287
6.2741
12.349
20.331
10.526
7.9403
9.8059
-8.2439
9.4272
4.8942
9.2138
13.63
10.852
-4.2964
13.052
19.906
-3.7231
20.936
11.29
10.104
12.137
23.631
5.9929
7.6074
16.849
21.46
15.968
11.625
15.873
26.09
11.074
6.8788
8.3615
5.8443
13.437
14.411
0.7352
8.5433
15.333
12.232
24.305
5.7723
3.8675
1.2283
7.2816
15.707
10.924
11.101
12.673
28.065
10.681
9.8666
12.578
-22.814
7.7098
5.6316
14.439
10.511
7.1318
24.294
5.7022
13.226
19.15
17.448
11.658
8.7745
12.512
5.8597
11.242
8.783
8.644
22.63
9.7549
17.012
8.8498
23.046
22.743
12.436
20.357
5.8009
5.8236
7.3874
16.169
6.1053
10.099
21.156
20.251
6.6171
11.534
4.6511
14.58
7.9463
7.5105
14.428
11.932
-2.1779
7.9686
16.283
13.774
7.2342
16.931
9.0641
12.691
-0.83441
12.037
13.88
12.093
11.075
36.311
2.8808
12.546
21.618
13.494
10.274
2.6482
19.434
10.334
12.547
10.148
6.8449
1.2318
8.1706
9.7011
9.3836
4.2882
8.5558
17.574
1.7338
9.463
7.9444
14.316
14.5
4.7813
14.438
13.344
12.446
8.9897
24.806
-4.8567
15.977
12.561
9.5542
16.741
-1.0803
28.656
-0.51956
7.553
15.754
9.8695
6.6202
6.2555
-13.612
18.23
12.643
11.538
-5.2131
7.7323
6.3044
9.5545
5.5525
8.092
-1.3831
12.818
3.2883
8.1651
17.287
1.1785
14.545
4.7533
20.347
8.0209
21.351
16.421
13.163
2.9244
20.692
12.536
2.8241
13.403
14.71
18.025
3.3808
14.316
21.552
34.227
3.8362
13.045
5.9071
7.3263
12.138
10.841
10.277
9.3873
3.5192
-2.6743
10.541
10.753
9.7731
5.9588
8.6635
15.793
5.5913
9.4814
-16.593
9.2983
7.9287
5.4663
23.219
20.936
14.623
24.67
15.093
2.9762
15.239
11.105
7.8386
18.191
8.5193
18.088
-0.92638
4.1374
8.7204
14.418
18.664
-6.3888
6.4612
6.3754
6.984
13.584
4.0788
24.832
15.946
1.8039
22.51
9.9373
11.797
5.7615
3.0411
6.3884
10.924
0.9441
17.04
1.4126
14.118
10.063
7.2402
4.7892
13.121
-0.036944
15.049
24.764
15.189
