9.4245
7.0928
8.766
18.127
18.597
10.356
10.416
-1.2875
12.71
8.9323
18.652
13.136
4.6657
7.6251
9.8501
9.1532
13.22
5.4462
17.658
11.19
11.511
19.544
13.134
8.2494
17.57
8.8144
6.2761
12.972
18.684
2.8057
13.749
2.5208
7.1497
5.6174
0.74085
2.6229
-14.284
8.5064
-0.090953
9.0511
3.143
14.742
6.8593
2.4099
9.6722
7.0674
15.746
1.6657
18.237
8.2474
11.36
17.731
9.2895
10.164
8.1341
-9.2972
11.204
5.0117
7.7807
15.079
11.714
-5.3179
11.529
17.92
-3.4425
20.965
10.256
10.329
11.226
24.186
5.9741
6.4222
15.255
20.576
14.877
11.843
16.652
28.927
13.543
4.9988
7.7273
3.1421
13.702
13.78
0.56004
10.111
15.487
11.058
23.733
6.0698
2.1038
2.822
8.3023
14.39
11.888
11.699
11.41
29.16
12.184
9.5527
10.07
-19.795
6.972
5.4707
16.549
14.087
6.1791
25.512
5.7992
11.082
17.135
17.993
11.622
11.159
11.664
5.4718
8.2381
9.0134
8.7487
20.505
10.864
17.495
9.5999
23.346
22.127
10.197
18.599
4.9164
7.5127
7.8934
16.847
6.175
8.8721
21.259
17.661
5.2053
12.629
4.5618
14.407
9.0885
5.1558
13.26
12.76
-0.58336
7.9981
14.42
12.868
6.1586
16.153
7.1002
10.745
-0.13934
12.386
14.672
11.371
9.6211
34.911
3.5194
13.463
22.117
12.417
10.024
5.1586
17.571
9.8458
13.788
9.9051
7.4619
1.4132
10.019
9.7397
10.645
3.6604
9.5144
18.197
0.8619
9.2852
8.4481
16.002
15.097
8.1413
13.58
14.389
12.063
7.8901
24.032
-3.4055
15.09
12.357
10.299
15.302
-0.7681
27.41
1.503
7.7816
16.314
10.495
6.9096
5.3179
-11.279
18.545
14.875
12.347
-5.7656
8.5918
5.9636
8.3443
4.4647
9.3046
-1.6095
12.714
3.6599
8.5722
16.437
0.98469
12.591
4.7268
21.996
8.0027
20.78
15.631
12.581
2.9131
21.988
11.67
2.0083
14.244
15.764
15.12
0.95342
14.485
22.328
33.532
3.912
12.845
5.2592
5.3002
10.561
9.6682
10.097
7.2193
5.0503
-0.90123
10.833
10.61
9.7206
6.5594
6.0521
13.729
6.5767
11.483
-15.132
7.6907
7.8076
5.0096
22.684
24.685
14.587
26.484
13.96
4.1364
15.128
11.084
7.2075
19.067
9.7206
20.075
1.255
6.0582
10.443
15.406
19.435
-7.4168
7.2813
6.1833
6.6899
13.597
5.7065
21.354
15.141
3.2928
21.149
8.7249
13.665
6.5005
2.9421
5.2724
11.574
2.0376
16.521
0.63096
12.347
9.2646
8.1748
6.9474
13.532
-0.27519
15.61
26.734
14.334
