8.9795
9.1091
10.948
17.459
18.399
9.4508
12.362
0.01849
11.634
8.7392
17.116
14.038
2.9713
8.6001
11.216
8.7504
14.768
4.7328
16.598
9.6065
10.022
19.665
12.826
6.8684
15.267
9.9519
6.256
12.978
16.78
2.0472
13.691
2.0486
9.1922
5.2892
0.5878
2.2338
-14.726
9.6859
-0.1847
7.3589
3.8773
15.108
7.4753
0.77934
10.726
5.9897
15.466
1.3416
19.5
6.7369
10.625
20.991
10.93
8.773
9.7065
-8.8546
10.383
6.7681
8.7508
14.746
12.657
-3.8262
12.441
17.27
-1.5334
20.602
10.112
10.237
12.415
23.083
5.7666
7.8656
16.331
21.581
13.168
11.849
16.71
25.799
13.048
7.4339
7.6358
3.9234
13.397
14.691
1.2164
8.6149
17.599
13.35
24.53
6.452
2.0365
2.4629
8.422
15.063
10.59
12.541
12.344
28.091
11.373
9.2608
10.896
-20.411
7.8702
6.4295
14.901
10.85
6.0231
26.782
5.4198
13.535
18.599
16.056
11.756
9.9122
11.277
5.3429
9.6676
7.8401
8.29
20.611
11.327
17.156
8.7705
21.693
21.338
12.38
17.137
4.3684
6.1844
6.8368
16.358
6.4173
8.2833
22.205
20.688
5.0956
11.251
5.4337
15.676
9.1484
7.5548
13.084
13.129
-3.952
7.2125
14.859
12.192
8.095
17.158
9.4119
12.593
-1.78
10.782
13.816
13.319
9.935
36.017
2.9267
14.737
20.516
15.35
10.17
3.1278
17.961
10.692
12.082
8.6335
7.5405
0.46812
7.8692
9.1239
10.946
3.7888
8.7585
16.475
-0.69187
8.8667
7.4935
15.04
15.271
6.3938
15.005
12.602
14.331
8.8863
23.995
-5.2788
15.315
11.263
8.941
16.574
-0.18022
30.314
-0.13542
7.6956
14.009
11.202
7.835
7.3491
-12.876
19.042
13.574
10.274
-4.7013
8.1869
5.9747
10.161
4.0879
8.3121
-0.064205
13.457
4.0187
8.148
16.745
0.44131
14.409
2.8247
19.779
6.7795
21.031
14.742
13.394
2.3723
23.003
12.219
3.2513
13.492
17.092
16.591
1.488
15.666
23.136
34.542
3.7528
10.366
5.6203
4.7908
13.002
8.935
10.883
8.5077
3.6781
-1.077
12.15
9.5754
10.041
5.707
8.4252
16.164
7.2338
10.2
-15.309
8.9399
7.6951
5.127
23.784
20.254
13.321
25.54
14.503
5.9605
13.872
12.245
5.5534
18.628
8.2153
18.86
0.82823
4.1392
9.1162
14.915
21.015
-7.1874
5.8965
6.8496
6.5246
11.598
5.702
24.467
17.635
3.8894
19.553
8.6111
11.776
6.3643
2.7033
5.897
11.306
1.0851
15.831
0.31556
13.168
9.4332
7.4064
4.9836
13.198
-0.7896
16.457
25.414
13.556
