10.31
8.0069
8.9678
19.012
18.101
10.983
9.1922
0.12578
13.099
8.4333
19.163
14.827
5.7212
10.712
11.034
9.7
15.694
3.5432
16.067
9.117
11.926
18.957
13.489
8.4935
16.605
11.224
7.265
12.493
16.746
2.5012
13.572
2.8792
7.7349
6.2825
0.68306
3.8982
-14.802
9.366
-0.29262
10.44
4.2559
14.354
6.6397
1.1743
9.9074
6.9542
14.464
0.90594
17.248
7.3933
13.656
20.275
9.0121
8.6747
8.7433
-9.1809
12.043
5.2802
8.7358
14.792
11.157
-5.4969
9.9609
20.307
-3.6093
20.624
11.123
10.721
12.559
22.752
5.8368
5.818
15.234
20.441
13.663
13.555
16.532
29.423
12.181
6.815
8.994
4.6152
14.158
15.571
0.45641
8.9034
14.851
11.759
23.789
6.2934
3.3781
1.2679
8.7446
15.251
12.361
11.332
9.7615
29.015
12.053
9.0373
11.384
-20.224
7.5788
5.0614
15.861
11.81
5.0302
25.101
4.0687
12.585
17.634
17.338
12.05
10.312
12.098
6.307
7.6968
6.6992
7.9661
19.798
10.372
16.493
8.3953
22.387
21.695
9.5766
17.091
5.0119
8.4469
6.8831
16.174
5.8768
8.0892
21.044
19.577
6.3116
13.254
6.2369
12.729
9.1578
6.3154
14.03
15.619
-1.4291
7.2185
14.585
14.457
4.3455
16.724
8.69
12.097
-1.4174
11.245
15.102
11.556
9.0516
35.33
2.5418
14.72
21.623
15.532
8.7874
3.6743
17.869
10.401
11.188
8.9768
7.1453
1.0978
9.7854
10.006
9.9368
3.3504
8.2822
15.896
0.83301
9.2131
7.5115
14.172
14.143
7.4543
15.044
13.283
12.398
7.5775
23.786
-3.2023
15.933
13.957
9.7672
17.133
0.27848
28.108
-0.29279
7.5491
14.432
11.401
8.8108
6.1075
-11.075
17.989
13.778
11.227
-6.6705
8.3781
6.1685
9.408
4.5475
9.1691
-2.0003
12.347
3.355
8.2987
17.214
1.3941
13.572
3.2601
20.614
7.3421
19.069
17.058
12.398
3.0073
23.126
12.959
3.7328
12.965
15.641
14.797
1.3761
14.988
22.797
32.473
3.1043
12.062
4.9518
4.8806
11.461
8.894
10.72
8.864
3.5221
-2.0335
9.9375
10.45
10.239
5.7126
6.1774
14.671
7.0642
10.472
-18.778
7.8868
7.2203
5.4075
21.101
22.018
15.809
24.336
13.893
3.533
15.336
10.164
5.4669
18.583
10.026
19.653
-1.4672
6.4645
10.793
16.817
18.812
-8.0872
8.2847
4.9611
8
12.404
4.3638
21.736
15.025
2.7654
21.967
7.9523
10.98
4.561
2.2749
5.5544
12.169
1.7176
17.136
0.21181
11.365
7.2389
6.7136
5.6765
12.576
-1.8871
15.995
27.66
17.307
