9.737
7.9323
8.9109
17.054
19.046
10.854
12.256
1.1418
12.497
7.8672
18.967
12.677
4.4123
9.2767
11.59
10.947
14.006
5.2312
17.494
10.12
11.46
19.896
12.603
8.455
15.561
11.464
5.2335
12.151
15.961
4.1058
13.202
1.3319
8.6385
6.0306
0.45828
4.2923
-15.991
9.652
-0.16345
6.7582
5.2672
14.417
7.1636
1.8574
10.019
5.4352
15.52
2.5044
17.325
6.7256
12.429
20.871
8.643
9.9797
8.4766
-9.6257
10.56
5.2173
7.8835
13.93
11.818
-4.8414
11.39
18.993
-2.5167
22.934
9.7471
12.251
11.917
24.337
5.1782
8.4872
16.042
21.813
14.635
11.869
15.465
26.446
13.986
6.7903
7.4128
3.6418
11.904
16.31
2.386
9.603
16.94
11.104
21.755
5.8303
2.4558
2.7356
7.0378
15.698
11.512
10.887
11.649
32.053
10.608
9.1648
10.611
-20.017
7.8457
4.0824
15.546
11.758
5.4592
23.824
5.5449
10.682
18.155
17.358
11.932
9.9192
10.877
5.7742
10.21
9.9846
9.4308
19.869
10.712
15.808
10.158
23.884
20.239
11.071
17.568
5.2094
5.1831
7.4526
16.182
7.06
9.8502
20.47
17.65
6.8623
10.413
5.1777
13.479
8.5563
5.1551
12.42
12.199
-1.7475
6.0402
14.881
14.543
5.7893
16.386
8.4444
11.912
-1.6013
11.784
14.794
12.391
11.027
34.777
3.1351
13.199
22.621
15.252
8.2944
3.7096
16.499
11.553
11.76
9.9337
5.4608
2.4215
10.037
8.5497
9.7823
3.6752
9.6714
16.369
0.92005
8.5355
6.5739
14.246
13.353
6.5838
13.742
13.979
10.841
6.8499
24.081
-4.8809
15.046
13.675
9.9092
15.288
0.20761
25.859
0.17978
6.4047
16.078
9.6998
7.6048
8.1623
-10.87
18.578
14.23
12.189
-6.8669
8.9862
6.7187
8.7204
4.7274
7.8667
-0.36339
13.859
3.4504
8.143
15.791
0.99915
13.398
4.8875
22.046
8.0821
22.228
17.609
12.815
2.473
24.401
11.915
2.7412
14.103
15.679
13.695
0.55032
13.782
24.157
35.142
3.9096
10.568
4.9591
5.4181
10.666
9.205
9.5459
7.6815
4.0833
-1.6781
10.825
9.6178
8.7924
7.3802
8.2159
13.862
7.0964
10.508
-15.042
6.7541
7.6754
5.723
22.509
21.373
14.377
24.988
14.68
3.8528
14.301
10.559
6.6329
19.242
8.8446
19.94
0.5169
7.0606
9.2354
15.112
22.553
-5.4512
8.2453
4.4082
8.0495
12.34
4.079
21.8
15.388
2.5534
20.912
7.494
12.386
5.5405
4.1232
5.1114
11.702
0.37467
17.975
-0.93489
11.164
6.7116
7.0408
7.5184
11.788
-2.3541
15.482
27.137
14.194
