7.3492
8.0193
10.814
18.158
19.579
11.973
11.632
1.1226
12.808
8.9343
20.11
14.547
5.378
8.222
12.435
7.9131
15.502
4.9925
16.803
8.3116
11.949
19.57
11.661
6.5294
14.977
8.9776
6.5988
12.362
17.314
2.9085
12.681
2.2675
8.3397
5.8869
2.0769
5.9309
-15.769
8.2348
0.25994
9.1616
5.5845
14.048
6.5182
1.7297
9.61
5.8471
17.377
2.8394
18.156
7.6384
12.019
19.062
10.127
8.6972
9.4875
-10.318
9.9944
5.8388
7.3715
14.631
11.519
-5.0366
9.3448
18.688
-2.6796
22.513
10.602
10.927
12.445
24.687
6.0926
6.2939
15.217
20.513
14.614
11.389
16.101
27.898
12.545
6.993
8.2263
3.5245
12.468
13.183
1.3595
8.9304
15.791
11.713
24.762
7.1759
3.9863
2.7289
5.9306
16.869
13.032
11.546
10.927
30.09
11.065
10.048
11.61
-21.095
7.8362
5.5141
15.28
12.872
5.7326
23.236
6.0643
12.163
17.98
14.682
12.184
9.7689
11.689
5.6484
8.5844
7.3994
8.9471
19.792
11.068
16.93
10.23
20.694
21.081
12.001
16.3
4.9251
5.9619
5.4681
16.063
4.7046
7.7801
21.929
18.013
5.381
9.9338
4.6123
12.743
9.8589
7.8405
11.843
11.875
-2.6172
7.6053
13.697
13.744
6.7981
15.141
7.8512
12.219
-1.2574
11.387
13.515
13.683
10.536
36.025
3.1268
13.539
21.804
14.939
7.9564
4.1761
16.825
11.065
11.505
10.224
7.2363
1.7347
11.333
8.9877
9.9062
4.7128
8.3731
16.743
-1.0182
10.803
7.9998
14.552
14.109
8.7224
13.472
13.828
12.727
9.0376
26.574
-5.5283
15.281
15.955
8.3599
15.191
0.40098
26.581
-0.50544
8.7419
16.966
9.622
5.8966
6.8025
-11.172
17.803
14.023
13.372
-7.0056
6.3402
6.8749
9.3782
5.0579
9.4011
-0.0095443
14.988
3.0286
8.7846
17.426
1.8833
13.127
5.3668
20.899
6.342
21.34
16.249
13.283
2.6346
23.119
11.848
4.1992
13.82
16.133
14.008
1.544
14.859
25.053
33.007
3.3561
11.917
4.4347
5.1458
13.386
9.23
10.27
7.6415
5.3118
-1.7104
10.881
9.6683
10.141
7.6517
7.2336
15.297
9.1727
10.932
-15.363
7.1451
6.8251
6.351
22.206
22.791
15.124
24.481
14.08
5.6838
17.374
10.285
7.2977
19.891
7.1735
19.558
0.097585
5.8764
9.7436
16.056
20.211
-5.224
5.9619
4.1022
8.015
11.375
5.2289
21.227
16.432
1.7769
21.33
10.212
10.825
4.5365
3.2138
6.1206
11.666
1.4897
15.878
0.41873
13.034
8.625
8.2496
6.6716
14.246
0.78792
16.693
27.7
14.688
