8.4316
9.0938
10.439
15.47
18.997
8.9488
11.844
-0.51659
11.465
10.297
19.501
13.626
3.6654
9.145
10.387
10.512
15.659
4.8487
18.041
8.1499
10.074
21.356
11.874
6.4213
14.637
10.263
5.9184
12.755
17.301
3.5575
12.864
4.3007
9.5578
6.1415
0.99298
4.1201
-13.578
8.0774
0.26507
6.7728
4.6081
13.779
8.0478
0.81347
9.6739
4.8559
13.58
1.5662
18.434
6.2693
10.679
19.128
10.699
7.7581
8.7134
-11.433
11.855
3.7617
8.7436
14.39
12.782
-3.7158
13.902
18.656
-2.2426
21
9.3538
9.1669
11.426
23.279
5.5352
7.1342
16.247
20.133
13.996
11.619
15.228
26.486
11.924
6.8123
9.3061
4.5511
12.002
16.07
0.47467
9.8519
13.944
13.57
23.512
6.252
3.7202
3.7401
7.7274
15.57
11.349
11.369
11.34
27.681
11.219
10.068
11.474
-21.658
8.0859
2.7524
14.66
12.597
5.2179
25.342
4.8646
13.443
17.795
14.896
11.03
9.029
11.636
5.6956
9.2095
7.8689
7.683
23.439
10.145
17.764
8.9264
20.983
22.123
12.657
18.212
6.0765
6.2454
7.7667
14.42
6.0827
8.8826
21.481
21.321
5.0763
12.036
5.6422
14.509
8.6302
6.5882
13.837
12.193
-2.1711
7.9163
15.732
12.575
6.4293
16.283
7.8689
11.118
-2.1717
10.625
14.228
11.89
10.354
36.131
1.8646
13.631
23.404
14.863
11.077
3.1826
18.734
10.644
11.254
8.9106
10.003
-0.39495
7.6848
8.7434
9.9907
4.9983
10.957
18.8
0.68711
7.6008
8.6475
14.254
13.606
6.5025
16.075
15.09
12.681
8.3269
23.937
-4.6669
15.835
12.522
10.896
17.675
-1.6539
28.974
-0.4435
7.0818
14.91
10.905
5.873
7.7916
-12.378
18.122
15.02
11.397
-5.7152
8.9062
7.7799
9.6486
3.3749
9.4409
-0.30324
14.286
2.2929
7.4361
16.504
1.4142
12.83
4.8133
20.136
7.5197
20.732
15.742
12.827
1.2902
21.938
11.062
1.6426
15.911
15.721
15.012
-0.40367
13.841
23.369
34.59
3.996
11.474
4.8841
6.2691
12.557
8.6292
9.4771
10.051
5.9626
-1.3465
9.9019
8.15
11.046
7.2781
5.6239
17.177
5.6702
9.6775
-16.386
7.8449
7.8728
5.9511
21.052
22.976
14.522
25.856
15.075
4.6049
15.392
12.406
7.3803
19.401
7.4457
20.496
-0.33466
5.6832
9.6693
14.998
19.897
-6.3181
7.6765
6.3917
8.5329
11.801
4.2974
22.66
15.703
2.2619
20.743
8.94
11.664
5.9278
0.91505
4.9953
10.235
1.5254
16.698
0.11389
13.185
9.1646
6.3373
3.8477
11.327
-0.4451
14.585
25.77
14.708
