9.8918
9.3458
10.259
16.169
18.487
10.246
11.652
-0.6366
11.558
9.4833
18.813
13.383
4.8884
8.6246
11.776
9.0859
15.114
3.4202
17.966
9.5238
10.511
18.98
13.847
6.4927
16.159
11.318
6.8992
13.11
15.256
4.172
13.312
2.3205
7.7027
5.7585
0.22529
2.6727
-16.252
8.0957
-0.55123
8.0232
4.2951
13.493
7.5408
0.96508
10.3
6.1509
15.229
2.4356
18.521
6.6306
11.416
18.494
8.9352
9.0392
10.267
-8.8874
9.688
6.0016
7.4939
13.941
11.009
-5.7547
10.553
18.539
-3.9874
21.093
11.282
8.919
11.739
22.369
6.9659
8.0096
16.873
20.447
15.441
12.591
15.202
28.843
13.167
6.1949
7.8491
3.4004
12.096
17.081
2.1026
9.2815
15.297
12.809
23.553
5.3149
4.8662
2.4325
7.9264
14
12.707
12.257
10.708
28.391
10.392
10.728
11.366
-19.934
7.2226
3.9117
15.397
14.012
6.7252
24.962
4.8515
12.393
16.363
16.558
10.927
10.403
12.112
5.1528
8.1402
8.6109
7.8737
21.092
9.774
15.778
9.1044
23.463
22.903
10.981
18.042
4.1574
6.1162
7.979
15.275
4.818
10.365
21.772
19.692
8.1497
11.754
5.9154
15.993
8.9745
8.5232
12.926
11.341
-3.1989
6.8998
12.492
14.34
4.9068
15.321
7.3953
12.669
-0.95828
10.854
15.873
12.021
10.098
37.004
2.8747
13.898
21.304
14.199
10.014
4.1437
15.879
12.021
11.923
8.3736
6.4011
2.3266
7.8767
9.3334
10.212
3.7778
9.5921
17.398
1.3469
8.7091
7.4766
15.144
12.929
5.3328
14.952
13.268
12.484
5.4982
25.511
-6.032
17.211
15.008
8.9534
15.482
-0.30334
29.852
2.3159
8.8612
14.186
9.8109
8.6106
6.2963
-10.547
19.946
15.102
11.363
-7.0799
8.0138
7.3594
10.154
4.7127
8.7281
-0.50447
12.185
3.3261
8.1038
16.717
0.58125
13.253
4.8918
19.299
6.3389
21.311
17.743
13.373
2.3838
22.165
11.458
2.7024
14.237
16.099
16.186
2.4158
14.303
23.516
34.226
3.7958
11.318
3.637
5.1414
11.692
10.485
8.9941
6.9511
2.4685
-1.003
9.6681
11.12
10.666
5.2287
9.2262
15.253
6.7824
10.939
-15.875
7.6944
7.4207
6.3466
21.679
22.452
14.37
27.836
14.254
3.2305
16.102
11.29
6.2716
19.061
8.7688
17.867
0.60094
6.862
10.292
15.143
19.301
-6.2183
6.7873
6.4984
8.1365
10.272
5.5639
22.758
14.64
2.1344
22.806
9.6739
12.633
5.779
2.7175
5.2363
12.84
0.036527
16.213
-0.013422
14.162
9.1949
7.7319
4.0491
13.418
0.21911
14.21
26.629
14.512
