8.1249
8.3632
8.5721
17.141
18.085
10.021
12.339
-0.53025
11.75
9.9798
21.17
13.254
6.5165
9.6096
10.684
9.6195
15.671
3.2406
16.124
9.731
11.649
20.975
12.917
6.1371
16.399
9.628
6.8611
13.504
17.502
3.2856
13.245
1.7088
8.4394
5.6947
1.1443
4.3958
-13.842
8.5409
0.7177
7.6834
5.6758
14.956
7.6621
0.34356
10.802
5.7649
15.612
1.2227
17.805
5.6694
10.813
20.403
8.7691
10.588
8.5158
-9.2891
10.602
5.2257
9.1861
12.775
10.911
-4.3646
10.49
19.238
-3.6393
22.572
8.5107
9.4049
12.291
25.039
5.7087
7.8106
17.086
21.185
16.188
10.933
17.205
27.307
12.158
7.1062
8.0306
4.5536
12.419
14.567
1.2432
8.3037
17.175
13.66
23.192
6.4737
3.0163
2.1246
8.2133
15.221
11.573
11.828
10.666
28.334
10.23
10.011
10.315
-20.818
7.855
5.0157
14.849
12.629
5.7083
25.929
4.8417
13.211
17.482
16.316
10.175
9.0217
12.104
5.808
9.7249
8.2847
9.0557
19.887
9.8566
17.734
8.2193
22.677
22.946
12.641
16.318
4.1976
6.3486
7.5353
16.188
4.7226
8.8159
22.106
18.329
4.834
12.792
6.6322
15.151
9.0788
6.1751
13.511
12.636
-2.8257
7.5464
14.494
15.114
5.9495
16.021
6.7333
10.882
0.9267
10.288
14.291
14.776
11.26
37.997
3.7293
12.477
21.154
12.234
9.4168
4.5063
15.918
11.867
11.446
9.6262
6.2316
0.72387
9.6633
8.9172
10.306
3.6551
9.1221
16.53
0.070981
10.054
7.2633
15.953
14.749
8.36
13.231
13.16
11.754
8.4135
23.934
-5.2713
15.614
13.848
9.3849
18.486
-1.2409
30.338
2.5647
6.7262
15.746
9.5258
6.8728
6.8539
-10.644
18.72
13.734
11.933
-6.2834
8.0864
6.0819
9.2616
4.0496
9.9268
-1.3312
13.703
3.0254
9.4821
14.961
1.5297
13.711
2.6662
21.908
6.5051
21.466
17.913
13.86
2.117
21.286
11.82
3.2536
15.342
15.325
16.547
2.2115
14.4
23.058
35.839
5.1999
11.564
4.1501
4.8788
10.483
9.2358
11.009
8.6769
4.0929
-2.1996
9.6144
8.9486
11.274
5.7874
7.8052
14.502
6.0862
10.202
-15.246
7.2335
6.4563
6.2863
20.229
22.834
12.902
27.202
12.704
5.1967
15.403
10.496
5.2155
20.544
8.3155
19.762
-0.811
7.1725
11.819
16.631
20.802
-6.7506
6.9618
5.4583
8.622
11.506
6.2195
22.29
16.36
1.9467
21.16
7.9656
11.932
4.6552
2.047
5.7995
11.164
1.1423
16.612
-0.58407
13.634
7.3548
6.4196
6.536
14.055
-2.8342
16.118
25.588
15.302
