7.9966
8.0137
9.6852
17.63
20.356
11.766
12.085
-0.93861
11.853
7.9159
17.885
14.546
3.2112
8.2001
10.847
9.1705
15.395
4.3274
14.85
9.3883
10.444
21.832
13.836
6.9587
15.59
10.749
6.7164
11.424
17.835
2.9166
14.169
2.8435
7.6435
5.9604
0.07071
2.8329
-11.767
8.3243
1.041
9.9307
3.0911
15.202
6.0188
1.5602
10.841
7.5706
15.365
1.3207
19.335
5.3694
11.503
19.173
9.6219
9.6048
8.1152
-8.3609
9.1566
4.7624
10.106
13.834
11.188
-4.2652
12.834
19.94
-3.5981
20.984
11.342
10.342
12.573
23.72
6.2085
6.26
17.14
20.538
14.533
12.867
15.604
24.363
12.854
5.5599
8.9046
4.7109
12.197
14.089
-1.0108
8.47
15.133
12.28
24.392
6.7021
3.3285
2.5758
8.4672
15.529
12.257
11.527
10.617
28.388
12.13
11.88
9.5071
-21.42
7.0157
5.2548
14.811
12.636
6.5589
24.235
4.7416
14.096
17.948
17.372
13.375
11.05
12.804
5.3986
9.0325
8.5318
10.446
22.171
10.942
18.242
8.8585
22.431
23.392
12.745
17.658
6.3392
6.6779
8.0613
16.666
6.8804
10.504
20.551
20.597
6.2445
10.578
6.0429
14.838
9.0532
6.4428
13.427
10.604
-1.7325
8.8149
15.867
12.507
6.2782
16.039
8.0779
10.771
-2.1996
11.629
13.312
12.823
9.5852
35.387
3.2044
15.133
21.799
13.686
11.349
3.9004
16.526
11.492
11.024
8.6178
7.6612
1.5777
7.6065
10.097
10.221
2.2051
8.712
17.08
0.35069
6.8658
6.8098
13.85
15.186
6.7395
13.701
13.895
12.486
8.2372
22.031
-4.4108
15.401
13.114
11.055
16.014
-1.141
29.972
2.1386
9.7906
16.044
10.79
7.948
7.6122
-11.758
18.498
13.525
12.254
-6.8282
9.4825
7.2617
9.1696
3.0075
8.6168
0.27549
13.585
3.2935
8.2116
15.073
0.55284
12.362
3.6954
21.804
5.8735
20.638
16.896
14.088
1.9067
22.525
12.758
3.2514
15.982
15.598
14.533
2.2307
12.378
24.009
33.067
4.3984
12.135
5.1249
6.5457
12.074
9.58
12.16
8.487
5.2032
-0.2788
10.464
9.6939
9.2437
6.2935
8.1203
15.045
6.4353
9.4792
-15.486
7.3765
8.8097
5.2045
22.713
21.978
14.983
26.055
14.9
4.3068
13.414
10.526
8.0048
18.306
9.0964
18.708
-0.62598
5.4171
10.456
16.346
21.452
-5.709
9.0345
4.8174
6.5788
12.899
5.4074
22.913
15.16
4.0313
20.366
8.5563
13.511
4.3526
1.678
5.2006
12.342
0.80892
15.245
-0.41195
13.524
9.3078
7.087
5.1641
12.198
-1.084
16.417
24.234
14.921
