7.7184
8.0941
11.44
16.722
17.791
10.785
12.266
0.60038
12.762
8.2458
18.172
14.335
3.906
9.0061
10.357
8.4335
14.872
4.0672
17.398
10.396
9.161
19.776
12.82
8.0094
17.662
9.0814
6.0839
12.811
16.991
3.648
15.651
3.25
8.001
4.8617
1.276
2.8986
-15.003
7.9385
0.96227
7.7032
4.8568
15.357
8.0221
0.52892
8.9061
5.4167
15.765
2.1316
16.796
6.123
13.361
19.115
10.481
8.7408
8.7916
-9.2092
9.992
4.8336
8.4142
15.685
11.179
-2.7831
11.966
18.921
-1.6888
21.473
9.3714
12.343
12.514
23.431
6.9513
5.0851
14.749
21.273
13.216
11.351
17.723
29.304
11.321
5.7638
8.3977
3.3478
13.043
14.06
0.86849
9.6666
14.087
14.268
24.834
4.4149
2.3144
3.1572
9.4913
14.213
13.67
11.397
10.879
27.439
11.021
9.778
11.552
-21.082
7.3875
3.6598
14.508
10.42
6.2128
25.713
6.7374
14.644
19.284
15.932
12.423
10.596
11.696
5.8028
9.0613
10.508
8.9494
20.238
10.953
15.628
8.0609
23.014
22.05
11.894
15.653
5.5303
7.669
7.0155
15.685
6.2927
9.3628
20.747
20.365
4.4021
10.59
8.7122
12.574
8.4975
7.0303
14.358
11.893
-2.8831
7.9032
14.39
13.23
5.8172
13.382
7.3295
13.128
-1.4925
9.8829
14.142
12.312
9.045
38.011
2.1802
13.366
21.819
14.684
9.7605
3.6905
17.41
10.002
11.076
7.8656
6.8713
-0.026563
9.8486
9.1168
10.474
5.5689
8.9427
18.474
-0.4493
7.2609
9.2949
14.98
13.622
6.2354
13.273
13.596
13.388
7.3501
26.016
-5.4032
16.515
13.39
11.583
17.211
-0.63225
29.18
1.6041
8.3799
14.518
9.1964
7.795
6.0603
-10.896
18.843
14.377
12.272
-7.283
8.0262
6.5289
9.7678
4.1836
10.094
-1.3731
12.21
3.3792
9.0144
18.306
1.3134
12.887
4.5426
19.481
7.1622
19.963
17.349
13.996
1.8261
22.729
13.081
1.8565
15.563
15.909
15.824
0.69886
13.404
22.999
33.916
3.8858
13.72
5.4524
5.6748
12.271
9.4355
11.108
6.2327
5.0315
-1.5628
10.693
9.7978
9.5946
5.7541
8.4284
16.131
6.9719
9.8705
-16.07
8.8193
8.2473
6.9844
21.561
21.303
13.189
25.984
15.279
5.0402
14.659
11.406
5.9903
18.637
8.8613
18.583
-0.21076
7.6557
10.576
14.33
19.428
-7.6076
8.6167
5.688
9.0273
12.502
6.3963
21.257
14.609
2.5691
20.157
8.2746
12.852
6.0094
2.7951
5.6108
10.135
-0.52624
15.184
0.51568
13.782
10.066
7.9578
5.496
13.241
-1.5788
15.742
25.41
14.441
