7.5735
6.6204
9.2088
17.716
18.49
11.138
12.041
1.193
11.933
10.875
19.411
13.674
5.858
8.6179
9.8801
10.069
16.109
3.7565
19.045
9.8921
11.04
20.079
12.681
7.4093
14.851
10.496
6.0966
13.118
16.033
4.4562
13.937
2.4543
9.6987
5.812
0.50691
3.1672
-13.871
8.6791
-0.65068
7.9831
4.4173
14.312
8.933
1.6079
10.324
6.7693
17.736
1.6499
17.272
6.8709
11.749
19.545
9.0742
9.0961
8.9774
-9.0501
9.509
4.7164
8.6226
15.886
12.728
-3.5602
11.175
19.02
-3.4051
23.25
10.573
8.8922
12.009
24.88
5.9702
6.048
17.627
21.988
14.43
12.134
16.405
28.008
11.789
6.019
8.5785
3.0683
14.666
15.066
2.1205
11.503
16.275
12.122
22.834
5.6499
4.4361
2.8074
8.1143
14.118
11.68
11.37
11.749
29.313
9.9904
9.1192
11.029
-21.685
7.539
5.11
15.498
12.523
6.854
26.171
6.4945
12.298
16.638
17.053
12.041
9.3946
11.071
4.5372
9.7679
8.0061
7.1473
21.308
11.083
17.502
8.6354
23.303
22.117
11.761
16.453
5.5877
6.798
7.915
16.498
5.8766
8.814
22.753
19.503
5.3762
12.525
5.6036
13.416
8.0861
6.0549
12.311
13.086
-0.7137
8.0642
14.69
13.717
5.1619
15.342
7.2159
12.638
-0.31616
9.9227
13.949
12.169
10.883
35.42
1.9691
12.734
22.297
14.183
12.102
4.7096
16.338
11.605
11.08
9.2261
6.5252
1.2744
9.7409
8.846
10.442
3.2813
9.5667
17.799
0.52061
9.4432
8.7921
15.752
13.833
6.1994
14.969
14.644
13.062
8.2107
22.971
-7.0846
15.448
13.197
11.817
17.512
-0.47749
28.958
1.0034
8.368
14.504
9.5298
7.2105
6.9566
-11.113
19.282
14.307
11.08
-5.4359
7.1633
6.5764
10.225
3.3521
9.9613
-1.9682
14.262
4.8068
7.3674
16.885
2.0418
13.772
3.4706
19.523
6.3656
21.175
15.903
13.843
2.6507
22.152
11.143
2.5564
14.823
16.021
15.24
1.4517
13.297
22.449
33.268
3.2406
11.886
5.5342
6.2673
10.973
9.8934
11.201
8.1531
3.7187
-1.4659
9.0914
10.277
11.047
5.0242
8.1536
14.678
7.074
10.191
-15.141
6.8813
6.8199
5.8595
20.405
22.239
14.333
27.318
14.321
5.3622
15.575
11.453
6.6962
19.742
8.7805
19.319
-0.62275
5.8323
9.9204
14.062
20.588
-7.391
8.7369
6.2041
7.7879
11.25
3.4074
23.683
15.166
2.7079
21.972
8.8852
12.391
5.491
2.2998
5.6413
11.439
1.5201
16.95
0.79486
12.507
8.2639
7.7121
5.9859
12.249
-1.014
14.608
24.719
14.112
