8.9801
8.4747
10.328
16.833
17.659
9.7364
10.556
0.83965
12.84
8.618
18.372
12.958
4.3006
8.3286
10.937
7.7133
15.429
3.4708
16.488
10.544
12.385
20.718
10.746
7.5216
16.645
9.0271
6.1701
11.64
15.894
1.0839
14.249
1.0857
9.0814
5.7268
1.0532
4.554
-14.523
9.9847
0.76623
8.3659
3.9284
15.208
8.6249
0.98093
9.8479
6.358
15.864
1.48
18.819
6.8173
10.844
19.297
9.5524
9.7001
9.4332
-8.0967
10.261
6.2288
8.3223
14.864
13.157
-4.9577
12.726
18.75
-3.8162
22.099
10.236
10.241
11.185
24.189
6.568
8.3478
16.304
22.082
16.043
12.097
16.69
27.866
12.488
8.3595
7.6314
3.1952
11.804
14.905
-0.19033
10.342
15.5
12.366
24.111
6.4497
3.9325
2.0212
8.8678
15.96
12.792
10.976
11.293
28.559
10.718
10.431
11.55
-20.826
7.8251
5.0681
15.5
12.019
5.3881
26.647
6.6112
13.409
17.808
17.362
10.621
10.704
12.732
4.9988
8.6707
8.8901
9.3531
20.082
10.553
17.057
8.8493
22.112
22.825
11.613
18.187
5.3646
7.3347
7.1991
15.6
6.2123
9.4138
22.839
20.297
3.957
11.961
6.8519
14.437
9.2267
6.5404
12.347
12.821
-2.4326
7.7372
14.458
13.795
5.6555
15.128
7.5331
12.59
-1.5715
11.362
13.945
13.388
10.768
36.969
4.8988
13.582
21.402
14.687
11.111
3.1385
17.42
11.153
11.332
9.8892
6.9412
1.7832
7.8035
8.777
9.042
3.6312
9.7288
17.59
-1.7347
8.2628
8.7261
15.763
14.784
7.4963
15.013
13.901
12.517
9.4156
25.076
-4.2865
16.336
14.174
9.9076
16.554
0.41333
28.249
1.6645
6.9959
15.291
10.306
5.9721
7.0179
-12.844
18.002
13.93
12.254
-6.7598
9.7463
6.2504
10.51
4.9104
8.769
-1.1517
12.896
4.5192
7.7431
17.088
2.0596
13.083
3.9172
21
6.9039
20.437
16.129
13.826
2.0205
23.866
12.624
3.0796
14.572
15.019
14.114
0.8088
13.78
23.18
33.45
4.1729
12.931
6.5482
5.9668
11.714
9.1834
10.129
7.6592
3.7761
-2.1341
10.918
8.9253
9.4196
5.2565
8.2625
14.28
7.6788
10.422
-15.949
8.8735
8.043
6.2359
21.993
21.939
12.544
26.17
13.927
4.7443
15.46
10.721
5.0713
18.932
8.8544
17.125
-0.32053
5.6398
12.373
14.797
20.46
-6.5911
6.5582
5.1241
8.8011
12.464
5.9133
23.692
15.366
3.14
20.328
9.7075
12.652
6.8295
-0.10969
5.5981
11.767
1.0742
15.351
1.8813
12.144
9.896
8.4585
4.4672
13.081
-0.1126
17.956
25.647
16.561
