10.042
6.7936
8.2744
17.309
19.867
11.51
12.783
-0.41685
13.055
8.2282
18.693
14.31
3.556
7.2175
10.787
8.5192
14.524
4.715
17.147
9.9392
12.308
21.121
12.573
7.106
15.652
10.312
7.0323
12.47
15.274
2.474
15.068
2.8482
8.7817
5.9681
0.98483
4.0007
-15.761
7.422
0.069229
8.7257
5.4456
12.945
7.7376
2.0216
10.985
5.9012
15.291
2.9254
18.58
7.6997
13.363
18.901
8.7354
8.3005
8.8478
-9.0953
10.991
5.6109
8.244
14.882
11.025
-3.4728
10.252
20.563
-2.5662
22.017
9.9083
11.336
10.909
23.1
5.8992
9.2346
16.455
20.726
14.354
11.079
17.255
29.208
10.999
6.8114
6.263
3.5823
12.034
16.046
1.1031
8.248
15.631
11.561
21.608
6.2228
3.1243
4.1178
7.4671
15.669
12.215
11.221
9.0229
27.908
9.8125
10.124
10.308
-21.127
7.143
4.2489
16.565
14.156
4.3861
24.738
7.2505
12.699
17.668
14.933
13.106
9.0996
12.341
5.4337
6.9792
7.3427
7.7218
20.187
9.9886
17.03
9.1331
21.805
22.18
11.142
16.822
7.0432
5.3436
7.4662
15.676
6.8631
8.4184
21.599
19.117
6.3929
11.301
3.961
14.514
10.345
5.1932
12.365
11.756
-1.6478
7.4198
12.349
14.497
6.5332
14.337
6.3624
10.977
-1.1648
10.437
14.968
12.359
10.096
35.136
2.7758
14.35
21.004
14.895
9.632
3.3696
17.9
10.543
12.453
9.6588
6.5923
-0.028227
11.802
9.1434
10.184
3.115
10.19
17.695
1.4412
9.0401
7.8278
14.942
15.035
7.4859
13.938
14.258
12.367
7.6216
23.666
-5.2498
15.039
12.601
9.3798
17.023
0.097033
26.813
1.3742
8.6763
15.092
10.094
5.7058
4.6636
-11.789
18.641
14.945
11.804
-7.2211
8.2095
7.4267
9.7785
4.6816
8.8429
-1.1405
13.361
3.7721
9.4156
16.312
1.1769
12.769
4.5722
20.628
7.7482
20.708
16.814
12.383
1.5813
22.594
12.288
2.6336
14.302
16.852
14.631
1.9687
14.973
22.931
33.264
4.9432
12.53
5.2863
5.9277
12.239
9.2258
10.182
7.7479
3.8492
-1.5467
9.737
9.6178
10.586
4.977
6.824
12.074
6.6729
10.414
-16.03
7.3807
7.5185
7.3394
22.331
22.827
14.656
25.089
14.249
4.3791
14.311
12.202
6.9816
20.722
8.4806
18.44
0.01981
6.3753
12.088
16.66
20.902
-7.5774
7.0043
5.5797
8.6583
12.666
4.5334
22.344
15.631
2.002
22.692
8.7332
14.722
5.0535
3.1181
4.3926
11.817
0.8339
13.677
0.61239
13.431
7.7155
9.3055
3.9651
15.507
-0.84812
16.815
26.589
15.778
