10.109
8.0797
9.6493
18.398
17.956
10.12
12.086
-0.5545
11.415
9.2057
19.177
13.435
3.6434
7.5954
10.925
9.2845
15.66
3.6195
17.32
10.95
11.643
18.897
11.557
7.5754
16.263
8.8636
5.0513
11.078
17.184
4.3105
14.307
2.8132
7.2345
5.2792
0.40406
6.1127
-14.813
9.7775
-0.23549
7.8119
5.4295
14.291
8.1895
1.7682
11.359
6.1825
15.03
2.0572
16.668
7.6988
11.411
20.222
9.0993
9.6447
9.0093
-8.9983
9.4354
6.9853
8.5149
13.725
10.778
-2.7261
10.731
17.688
-2.7435
21.391
8.561
8.9182
11.822
23.31
6.9748
5.0921
16.62
22.127
14.784
13.817
17.143
28.432
13.335
8.5251
7.6526
4.6349
12.988
16.708
0.41761
9.102
15.655
12.433
24.46
5.1347
2.6655
0.57425
8.7961
15.2
11.214
11.793
11.568
27.782
11.241
9.8249
11.794
-21.146
9.002
5.5187
14.802
11.575
6.2611
26.825
5.8712
11.653
17.704
16.381
14.009
8.3959
13.29
5.1428
10.652
9.6781
8.471
21.307
10.127
16.082
6.6003
22.295
22.863
12.195
16.741
4.784
7.2268
8.5245
17.326
6.1392
8.786
22.035
19.967
4.967
11.674
5.2713
14.397
8.4397
6.8333
13.041
13.448
-3.8156
6.5375
13.058
14.842
7.5829
16.064
6.9166
11.542
-1.1649
10.341
14.484
10.853
10.965
38.424
4.5448
14.727
21.684
14.154
10.587
4.6244
16.755
9.9794
11.508
9.464
5.7251
0.79938
8.7478
9.6124
9.7928
4.0475
11.121
17.781
1.4627
8.3455
7.8979
14.729
13.87
6.5739
14.337
14.579
12.38
7.3902
23.942
-4.2966
15.411
13.837
10.015
17.689
0.30947
27.329
2.1465
7.3769
16.013
10.02
7.8575
6.378
-11.573
19.305
14.307
12.443
-6.5762
8.6545
4.9475
9.7179
3.4682
8.7676
-1.4994
13.494
3.8499
8.3657
16.994
0.73786
11.032
4.3394
20.494
5.9626
21.553
17.038
12.891
2.0877
22.695
10.356
2.8398
14.471
14.497
14.905
1.3152
13.576
22.261
35.38
3.9973
12.489
5.9375
6.202
11.993
8.5026
9.5166
7.3245
4.4538
-2.6046
10.466
9.5405
8.8946
5.2089
7.798
13.175
6.1516
10.594
-13.87
8.6703
8.2294
6.5639
21.158
23.662
12.542
25.965
11.904
3.1279
14.409
11.878
5.717
19.003
8.1846
18.475
-0.89287
6.8153
9.0858
14.723
20.04
-5.8797
7.1179
6.2973
6.7945
10.636
4.4641
21.557
13.69
2.5012
21.014
8.1417
14.371
5.1397
2.3782
6.2128
11.64
1.3514
16.261
-0.64213
13.209
9.2411
7.0873
5.9603
13.24
-1.7531
15.756
25.483
14.516
