9.4634
6.9415
10.559
16.488
19.213
9.667
12.052
0.0427
12.32
9.7587
21.163
12.978
4.7474
8.2106
9.7788
9.1436
14.926
4.1371
17.968
10.008
10.935
19.909
13.598
7.1253
15.32
9.2101
7.3504
12.964
15.757
3.4449
13.374
1.0302
9.6682
4.8575
0.22378
4.6908
-14.616
8.9616
-2.3497
7.8175
4.3513
15.651
8.1229
-0.39521
8.7445
7.3725
16.722
2.3332
19.408
7.0479
11.986
20.63
9.2999
9.2538
9.6197
-10.21
10.255
5.0231
9.3361
14.549
12.001
-4.6495
13.026
19.864
-3.6597
22.725
10.549
11
11.722
22.658
7.2462
7.8978
15.501
20.494
14.32
12.197
17.112
26.537
11.466
6.8501
9.046
3.107
12.355
15.955
2.7925
8.5414
17.134
12.232
22.827
7.5595
4.0167
2.2061
9.0053
15.708
12.299
9.7966
10.899
27.544
11.198
8.4807
11.218
-21.907
9.4463
3.9985
15.654
11.831
4.3192
26.941
5.244
11.509
17.671
17.999
10.259
8.9233
10.919
4.8495
8.4243
7.875
9.043
20.446
9.068
17.451
8.7155
22.233
22.821
11.483
18.544
4.3966
4.4713
8.8636
16.231
5.864
9.5695
21.473
20.731
5.129
10.337
6.852
15.903
9.2534
7.9668
13.464
13.484
-2.1631
8.0087
15.211
13.931
5.421
14.172
7.9489
12.283
-1.6274
9.3716
12.567
12.614
9.6169
37.613
4.1105
11.67
22.77
16.228
9.7384
3.5189
18.72
12.224
10.962
9.0477
6.8185
0.52826
9.5665
10.06
10.281
5.5266
9.7582
16.99
0.96054
8.4508
8.4245
16.432
13.554
6.8844
14.915
13.179
11.547
8.2066
23.476
-6.7249
15.067
13.331
9.7442
15.808
-1.3099
28.383
1.4357
8.174
15.217
9.4605
7.7353
5.337
-12.871
17.62
12.988
10.991
-5.7546
7.7554
8.0036
8.8745
3.9833
8.2799
-0.72931
14.138
3.6112
7.2982
18.821
1.01
11.627
3.0806
19.31
6.8574
20.976
17.515
13.795
3.555
22.555
11.124
4.1052
14.396
15.284
15.415
1.0431
13.744
23.292
34.359
4.1275
13.356
7.1528
5.5708
12.611
8.8363
10.702
8.6446
3.7276
-1.1417
10.178
9.8183
9.7903
4.9157
7.6403
14.704
6.2586
10.575
-14.606
6.9824
6.9588
5.6852
21.443
23.246
14.257
26.654
14.28
5.1147
14.526
10.693
6.1967
19.916
7.8309
18.733
-0.91001
5.343
10.557
16.432
19.062
-6.7087
7.4522
5.4765
7.5658
11.917
4.6844
22.973
16.704
2.8192
21.104
9.425
12.736
4.7979
1.3139
5.3793
10.98
1.0772
16.33
1.2974
12.102
8.4468
7.4414
5.9873
12.991
-2.0277
16.897
24.726
15.556
